93
98895
605
24921
53
1
1017
6053
86
187
0
344
814416
1386
5531
53
68
0
0
0
2
973
494
2
58
9630
11
0
945188
0
54
5351
0
8769
0
90
1671
633014
3
993
644
322
96
685
2
9772
138
2
356
34
752
876
3966
93087
42
0
48
64418
8
64488
95532
6679
603
0
1309
247
6
175
17
455
545091
5
62990
0
0
48
743
677
26
9253
3264
64
3392
0
0
578
5264
9
876
59
91
398083
8778
0
0
380169
20
3760
0
0
8
4499
238
118
0
8
0
86233
1
0
5996
0
5474
41
12720
9671
2659
0
575853
0
8
45854
457
633
84759
86150
64
88204
68456
379
0
8
383
0
0
9491
6
0
58616
75139
84145
52400
0
615
46
5416
3
98
28
7
86
1562
932218
392529
6
534
49
3003
80413
262
276
0
4483
0
61336
80
77193
3384
9
6624
1467
0
72841
27
5
8698
2
0
7
604907
54
3
0
7
0
4489
0
7803
9676
4
0
7651
1
0
33
5761
0
3387
194738
218665
1302
949217
97610
0
186925
0
118
55681
686
0
484
671132
542191
32428
84981
99340
32
566057
3
5
88753
9
88
13
0
47
406
0
6
3
276223
6047
10
8
7
3010
101840
0
838
670
38190
4483
363048
8543
299264
73
6197
8
271
6
31180
537064
3
402
548875
6
17
0
64751
956
0
3
57313
86590
1604
31
41169
5505
8
120548
7
70
56456
6
58
211
32181
8
0
982
6418
3162
71
0
0
0
0
0
17746
0
533
0
9
9
0
871150
115
699
0
469
3398
839
27
651875
181
56096
880550
298
61
8
17
467421
51127
346140
0
3
20
431
2280
3850
27
63
0
3948
0
0
382610
9897
292
9147
721
98
932462
22
0
875
6796
24588
0
171
70232
1387
0
9
452
8463
8719
5783
2771
63551
570482
662862
1607
737083
6
464
584063
11
5087
0
51
362773
39979
54
520
71932
0
7
656
0
101931
3893
5
949766
0
5
0
467268
83339
6
4
295
96
2
0
579
3
343791
7
856013
49
5432
10443
94
73
5676
48872
9681
36
0
0
49
98
0
76180
8294
904
8
33
3593
68
447981
434888
1
84
224829
6
0
6
33
7
646
8933
216498
88
0
0
968657
72
0
40839
9730
0
619769
0
5
258
8658
0
95
9
1
289
82
28
334
10135
49
524
757
0
25663
6
0
7
4
174
0
2
0
604846
67
0
9061
93209
602099
0
169011
57838
64668
720542
553178
874
58381
9914
5344
67
63
16
589
832
7
2
403
34357
230475
560808
0
799
9930
189
20
22
34
767
21
4638
0
9689
3268
73
2
0
73696
25
0
647053
73
7196
251625
951
0
89
3223
13855
5
0
1
4157
751
807
11
173
89519
0
2
9127
4046
225684
7555
16946
1114
2302
293527
81563
12
6
146610
60997
77
0
8
0
710196
1787
978118
29242
111
591418
569
839442
999
84063
36658
828882
706503
4996
661793
90
45841
4
47752
27066
79
8
83529
2578
82427
1061
1
733
3
84
750
848
7267
1379
522629
0
786492
15402
6796
87295
313364
0
6568
0
5717
0
130
46650
873
6
16345
500961
287270
795403
47309
0
466078
2
827
371
0
0
56291
2924
539
467
231
685
9
0
36
572
5628
585192
3
6848
922
232
589617
70668
0
126377
338
588
29
382
0
38679
16
54445
82808
0
2705
0
53
12070
3933
0
879665
25
3097
9
9
43345
11700
714
44
359
690
93508
5016
0
26
38361
289
76
0
0
88857
0
541703
1834
0
105
50
640522
0
0
3
5286
7429
0
2
2
3
542
84505
61128
246
736594
307748
2
0
9437
7329
0
759239
0
4
71413
341
61513
0
678
9029
0
98745
5045
3057
9546
698629
154148
5
54
6
0
0
42542
0
5
6
3
0
23
361
7
5372
71
0
7834
1
9783
2429
5661
30094
112582
77776
63
0
976317
3
5739
1386
93
715994
7
629
74
150
6
0
49699
0
661
0
7752
84
0
674
8
9418
5
909
154515
67958
27
422284
55
5
65
0
1
768211
1
0
81
87
7049
13
0
7
176915
2
6304
5713
9
0
317
43
18118
6
67247
94
3
746
7523
239
5492
6
584
4540
79879
0
782
2
9
0
27811
35361
0
44343
19
542527
62
37824
820520
32
67079
39741
74
5
59
0
6384
89877
923032
22
78170
0
0
24
26
56245
935
580
885
62471
4662
0
72
9226
57689
350505
47294
733
1
512
0
0
2856
233
0
408581
5309
520889
0
0
4
3874
752250
58
96
0
1786
535081
4
50721
136020
0
6359
109
122989
85894
91207
16653
0
205
8836
535
159916
0
0
0
2763
45
661
9291
0
4063
588
80
6738
389
177770
13232
38923
54
0
362987
66
57841
0
9779
6659
0
98474
6981
94
0
2
0
453749
0
467909
653370
655842
65
150059
140
752983
12878
67763
5
5
97
62
2
471907
2
3157
698
11618
6143
529
682
5212
43
27
2
15
842
719
224066
93356
2221
0
600512
4
97186
66313
149
978
94485
41001
11
908963
0
0
0
4990
235053
94375
7401
61552
3
586
3692
0
1257
756645
6
5
183751
2699
12
4010
1
62288
0
0
87
366588
449
3
0
13672
6
7421
1
8580
0
42
72417
3
6684
8
1
103305
0
64363
285225
912900
0
82
15704
463484
397015
198
3630
488
0
0
3187
926
3604
85
35
0
0
5652
998
7321
92062
175450
34
3
0
8065
0
9
16
74346
6
720725
61
0
1
34095
400
80
0
6398
70375
73
772
5087
0
90
2
0
1
0
7
998
710989
0
238
2
412335
267769
502
6
2621
4
6
6
0
7207
85
44
0
0
56
1186
54197
6674
1965
77
541703
1
3980
83
7
72093
335398
44746
7
996
0
0
9
31916
0
8
3
3
0
705
0
343
7491
81212
587206
257271
884578
2874
0
74498
54
904
94958
9529
961088
211554
4
57
4
370708
587603
329813
97003
21
38
0
9582
601
7
12631
6198
338663
2135
9
6
987
0
239082
42
9737
797418
6530
0
5500
619647
34
0
0
926
45
1819
5590
41
5
605
972136
97155
2
4277
0
781
939329
754600
53
508865
732718
83
115
64110
322
943
5706
0
0
42
88
4
7
79943
7
13983
8
7
0
819
2
0
3197
36
8
17545
181646
1778
17374
5105
78121
279549
0
195
42442
3535
3298
9878
882320
84685
19
0
5666
22
0
625
8
669454
842585
2
3
9294
0
1
898
2590
6215
414
57
5
0
0
4718
3322
547379
54
26740
5
583
75
55
4
1
0
7
644
883877
923490
63
57185
86962
257
1
0
664
89767
61
82
145
85714
75
519
19
487777
0
97
576067
0
0
9
9
6
0
14
77858
4
15
3
0
2
0
4
9648
0
283577
23
1105
9577
663
0
5
71684
640
453230
0
7
61189
0
865
118259
0
16302
6
483413
3
900906
607135
22501
8952
6
9229
53
7
221686
638019
703451
16
162
2
49992
0
19
5234
7063
64
54
771355
75453
26624
0
174840
49766
0
88
54
104
17246
140
474105
0
0
0
58
4019
0
582384
89
808862
5527
27271
29
174
9
86825
147
384
6907
5674
720
24750
4
99
76
726065
260933
537
0
370
259895
0
76
6
587
0
4
84
8
542435
2
11
74513
0
6728
1
13245
608
74
426
187749
73607
4
514023
96
57
3940
6
3
982
822
681
210
290231
3622
15
37287
716818
4496
378
1229
0
72289
723929
53068
0
5095
0
2191
9
439
8221
53804
0
18585
32
915738
741
3231
0
6
591
32065
93926
0
5
65
80794
17322
0
390
4
9
9872
0
0
200
36
37
99707
1171
514
8
71
0
517
89
96935
73
35450
3
384228
6
233
32074
543
6
4
5211
984649
6542
0
0
0
13
0
514938
0
0
3817
340
70
271
5439
5
551
0
118076
797997
208
4
70216
6
3875
4
278
1
393
77
66
351
14
0
1208
27240
338877
6359
9186
360881
6754
8568
672
9788
29816
838923
0
9
0
0
0
596575
323587
41554
9
0
0
47746
5
61604
891170
212
86300
0
2
822077
480452
3
0
514297
0
353129
33
0
3562
36262
0
0
664
473
1488
29267
4608
4865
88
7264
32938
73140
8474
877559
551
0
93627
300
5
0
795312
3
52610
7266
93816
87
6
1464
221
42
529
63875
2
12
0
54
840601
981017
19107
165166
77996
0
0
0
479
15
1
28659
92
83227
191
9639
70201
20453
2519
467
101748
45
8031
3
431226
99838
881
15482
386
0
9112
3
57
29
7860
82
172368
6856
7
73
66
36259
362956
6307
77
7
690
4909
44
57
0
98007
0
47096
5972
805444
54976
0
4
20
0
80626
7
57
7419
0
98998
0
541520
7910
69963
0
238
2960
456
9
8
30280
4866
404
997528
1
220
0
2
65
4
480605
6647
9
0
29496
7917
24
7370
2
541
19
4
4
6627
11825
39
7149
5
2009
66710
4
9939
67827
0
8
812097
2343
951
61
85314
24509
69460
85088
364146
312
849
9887
8
708
1
163304
694
0
70
21140
81142
14
476821
5302
409649
417
0
66
8
4
200384
0
8550
92
33997
123
275
95864
36091
0
7357
5363
3
3
84
63
5950
318
7
0
196
79222
7629
0
7
742790
1815
72075
416
8
12
7
4809
8
589
3
8788
1
0
27802
9314
2
3675
54200
1719
984740
0
6594
302743
39
40
42075
2772
84
792748
716422
506973
11
695150
6512
19367
331156
2145
1075
0
11206
97778
92
5627
0
2
181157
3376
7
34730
6
29352
931
745750
350016
0
524643
886
16510
1876
567
676198
716299
0
89883
288
25
56
123
53651
696676
4776
7268
483291
8457
885
3
41
64723
636
97
2
6372
380932
773979
454054
4
6
3
9
68672
67
6
0
330637
24323
0
7
0
398
2
0
9796
0
5
68
443
8421
7
49732
15448
3
971
0
0
553331
58424
70107
928
22037
98
0
901
9
310
6055
537949
330
2
56416
117
64
0
852
4150
6663
925229
1970
87
9260
5
563
931485
6368
0
75
38990
4298
9346
637
2
729
938
9
2258
83
225
70
816736
138676
85665
0
96
431043
5
57
25
3
0
83120
8207
13141
635
13461
70668
95
727072
454
24
129
89736
91277
626941
89391
7920
806
575
50
59
75
14551
47
0
71275
6
0
7
42
0
7898
48026
43
432752
95257
4
236182
7
38
0
5428
0
271675
4470
67
92
89416
7
0
3
0
0
36
28
64650
174
271
7
24509
56572
221
39558
307
91598
9681
38
38
0
39353
6659
4964
75960
4565
367442
0
44901
5
273
41
96
990
514725
0
0
325296
3
4
9
4
17664
93044
40
27
4106
8714
0
8
833
918607
656453
632068
8
33848
4347
3
7
8
6824
0
523
62977
2
19
4364
297
942106
0
7170
219733
894955
4
0
7
0
577
3589
91308
27558
0
45
5517
406
4
0
469374
9607
261543
47
4
8
9178
6
228400
72
0
4748
633808
1
52
3088
0
3674
4
2
2034
8
8
3
3641
973021
2
40955
7772
691
95
5
9457
0
0
947538
14688
425
146671
1446
389
910702
899
7
49
2472
480
7874
3115
94698
453566
98568
0
535
4478
969695
65627
19
17
366039
0
456221
588702
117
324137
86
122
9106
2880
580
1173
7228
795
33
3
5
0
514450
5470
0
7560
0
4253
524430
640675
52183
314
3
7
66957
3
489
4816
1497
405
2791
661
49308
7
6603
86519
85332
980
78420
62
63
910916
677358
280
621
99
0
3
85235
0
18277
90
599
8
0
99
485030
0
445
4488
0
931211
266853
51
46
7
98757
66133
3165
385
1
566
93
876766
206
0
0
604052
997497
9754
9023
95522
167
195043
914
9133
2232
0
0
673
401
984893
61
1900
30
9
282
7455
18
6316
542680
484
2702
7
544846
933
504501
601
641651
0
0
86355
24597
96978
0
376567
8197
0
44526
368388
9871
32
2142
83895
0
707815
135
0
96469
826
38880
116
6037
0
90197
99
595
293
4883
7607
450117
895931
9565
84615
0
1539
785424
81978
106723
8
8251
840510
34
719
472762
0
6
509872
97
230
0
5733
0
7353
7
8
430
347880
723166
6
573
41
887
6
41727
22986
3
485976
33219
0
77462
980
966
2435
775
880
0
44755
19
121
55
710989
45069
74709
392
607074
20
9419
710409
534470
6179
2762
0
79
1
6
67
821405
1
30368
2036
467970
145
28214
9
50910
676
2
32471
200415
8516
568
0
990
77
91830
9
3508
1
3
94
7
0
824549
21289
6662
93
15
1
9
253852
44505
0
0
0
1
0
0
0
0
9728
492843
566
3
3434
624
9985
191900
37
0
143
63579
4
63695
4
52
98
257
44154
0
9
354289
9
24793
0
92
786
4585
0
85
9162
797418
4083
8
788048
5690
5141
67
6
483
89605
43
963
0
8835
41611
19
99490
75038
31
365123
423780
4672
4089
242
55
6
0
2
6336
0
297585
524
476
0
17
4630
673
33
6854
6863
8
3205
506
552
211004
90
756065
7242
751976
0
89
903
2
0
8
697
6
2
64726
60
5671
2172
3
137
530533
92
4889
390
71
0
72
6695
97
0
92959
0
26
241
838
64
1
51417
317514
7539
637
65736
0
74
50
0
258
82827
6
6
38
6407
92236
8453
44
46
0
3
347087
59212
84484
5507
8
825
8707
0
3
0
0
9585
2
113
0
6206
905545
42
3322
54
0
18
0
970
3
418744
0
0
84
183050
20847
52
0
963
8709
438398
79
153
17
38172
0
667
8239
83248
62
0
1000
8172
5
0
0
0
9947
502
4220
0
7776
356
707
822
2
145481
0
255
62
7940
786828
395
983336
539689
8181
393292
0
5
0
52
6
6
0
634
830
208
878
7846
35795
101107
393
582
48
83788
25
71449
1553
79
25354
7
0
5930
531
7141
9
555650
96313
33716
72
3
67
33356
17
72
7146
55
903
339
77297
0
434
80
1
53
93511
748
6
0
5
8767
8
0
284646
37
409
18
946
273
2
66
744
0
288308
0
353
0
954985
5
0
0
31952
0
0
930
51
0
66469
4
649098
636402
93
4
53
0
66
0
92
97
46391
0
8
9359
95889
7724
4
4
94793
457319
0
0
24
37253
493453
447
35779
0
9704
232
308
0
2882
498
3038
86
361705
923
466872
39906
417
0
6
0
0
797
4
157
4
20734
20819
15
0
175
0
29468
4
413769
0
252
38
692129
0
402539
537
15
144
0
8101
9226
747093
1699
222
915
1
8
27863
0
222
6
893
3
8
4
126
271767
439710
666
8756
7
890
59111
1
86
350
877010
7634
0
4547
64699
92373
3609
6
9583
512375
9
881
113
41
4144
0
45
64
92
20194
579
0
0
63
7
97
4
7
64
201666
84694
5144
70433
25269
1788
7282
0
72789
467
468886
2
8748
4971
50752
9271
706
376
95
13223
657765
212866
923
3214
228
916989
1
3002
62
1245
59605
235633
90371
249
5152
76924
753
6575
9593
255775
747
97076
523758
126255
39783
4893
17258
376201
546311
74
194
1790
886
1
0
624
6
9
76122
58110
0
7
8734
0
168
172
284890
4565
41
455
6419
52989
0
99
283
25
66
1
7272
3329
868
873
35459
228
46470
2
3
606
156529
855
800866
3
4372
9345
4
817957
397
220
25495
65105
96
238
770500
19379
0
58125
3
9809
0
331
870357
97079
9
61
1179
0
60
28
418042
46516
42
0
0
0
777
663411
6234
9539
4900
4
3
7374
8
1
0
171
85787
645588
6440
5027
30
263
184
76
37205
32
6667
3
17242
761
173009
89
67848
91
0
0
231
4962
33439
9
8
6
22
6004
9259
92547
841
0
995696
2
85
600
352946
757438
13
475
91744
858
6
2364
917905
577776
5466
0
7032
0
0
0
5124
4740
928
0
36832
64799
184209
62
0
660756
0
75298
47639
93499
36
784
0
104
0
68
7
56
3472
6
1
14825
28
77
7712
9
0
16663
831
137
27390
1
0
229987
2724
6
8
4541
125339
57673
8254
117069
0
6
82
9
91
4693
56569
0
3420
72
532
38
62
0
657673
1729
4
12845
731
52
7407
48292
69
0
21936
197393
8034
24546
895016
8522
6805
7954
81
94772
9
0
49043
3
4693
41
8489
0
1
71
32090
8
6
7163
44434
787926
32
1874
1978
0
424848
9244
456556
148
929
92
57
5267
7
6
94943
447
90
6731
1
0
12
0
5
955198
150090
0
61
7132
4875
53642
61467
2548
162
1
0
90
6089
74
915707
0
68
255714
660390
47456
8
55116
532486
714
0
342081
0
45
68773
70354
625
873928
18
789025
23960
0
48176
11
0
28894
43806
973143
59
87
0
51600
0
6360
42
89800
0
36173
912167
593462
6846
8
292916
819147
85
23462
803
8474
7
0
474532
0
45216
56169
0
420209
1
1
0
682
7
856746
37
344
726310
70928
455
196
52
9168
9834
54
60798
23355
38
39521
0
4
62343
2615
12881
99
74642
6
992
68
0
94100
29456
597
139255
82308
8114
3042
26
8
44
0
889
2
7
65993
57
6296
0
290932
687368
86
918
162602
0
0
42011
96
2
0
10
15
0
6523
19
89217
740
4
75
0
0
0
104
804986
0
8654
43
38
71346
8456
4950
0
79
0
0
9
47
9
81
5481
57405
0
5
67
913
3292
2052
79277
0
65370
4073
0
53697
7
14770
9692
17
421582
4
0
9
0
0
9
7942
1
3115
8916
31
60075
989
0
0
0
52018
4
26148
6112
117862
5594
63576
7487
1320
7
226
79262
5
898
0
1211
34
9903
2290
510
6468
985
2720
10
118
54972
459242
49
0
6
0
3384
0
14841
9069
215491
0
95187
0
0
0
7
9
9556
601
92959
5
630329
0
95831
157506
4387
776
0
316660
9472
990
99990
55891
0
9
87
0
65
65285
9
0
474562
39048
22
871944
94482
78
743
0
2
3
0
82
1
210
3506
73
64
0
0
515945
2290
5
81
7
826
5366
289
82558
7
7858
67003
69029
31681
86
1
775292
3958
942991
0
8
4
2
7
865443
2
6750
1147
482528
86
424390
91
957792
6470
906
65
7
471358
66
99649
900387
45
4
0
87
720
470
9
152592
353556
656025
638
179
423352
1
38865
4
174962
9
69771
0
3
556810
828
230
49
689901
0
60
7395
4819
63124
0
2582
40589
82277
46635
1
51783
474898
841
4277
788995
64
0
91
5627
0
679
0
136
468
1010
750
4
0
42
5
0
0
0
48496
0
3288
3045
5841
88122
19
227637
627
0
89284
18082
303109
71
964
827784
256
3530
942
13
62926
622
609
5
3
221320
3539
117557
1
501
66
1
0
0
72
5596
26
0
1
0
5880
659
995147
0
520
2912
4060
408
282967
97662
80
0
9818
43
3327
21613
0
36671
489608
4085
115
2
0
6688
321
4
9514
633
80504
88
0
8736
2
0
41596
659
12
0
0
8
8
3650
0
9
806024
7361
0
2108
612
9
386
881588
46531
933
39887
6
6198
8052
6
240455
0
398
33
0
4143
7
7
9755
64674
40
460158
5858
342
0
36
75899
767845
5
55052
3097
1
566942
55330
624
311
61
7870
8432
809
3
9425
0
20203
41
38474
2014
737
8
506118
2
137150
17
216
48295
829340
663167
578
59
3
29
4
70177
87
235053
494
2251
831
9
1176
32056
243720
0
475661
401
310
67635
84902
7
4
21
943
448896
13
0
38950
9530
924
936
85
43
26
362
27
0
0
5
0
0
8
19501
4630
75
776
0
3801
881435
32013
0
924192
87035
0
9307
3
782341
0
485
0
0
7331
700582
7755
0
639
231
51423
19708
996
4
2864
851557
55
4745
39
307
76
7
2908
7452
4392
41370
30753
5
588
0
5282
13
3102
2
772
71
857417
38810
7086
461745
81188
894
9436
572
0
6
137852
5
840
4247
0
6174
0
4
34
20560
1
877376
196295
6272
428
84612
694753
832
7190
7906
12
304
401318
93041
0
8
9
84
46610
8999
7954
18247
309427
0
96328
4
8
839442
999725
1686
169835
9
63
56318
28778
346
5929
16037
62379
72435
50
9
186
6976
9
759
646
554
7261
7
5766
7
9586
521286
8109
6
7
78
93
62352
46
583666
907650
26
75814
715353
779290
4
0
287
575121
0
6
0
2736
910092
6
8
9
0
29987
8
0
134
10
76
15
765007
38535
93
939909
120
0
86
0
79
0
0
367961
3447
0
5352
308
0
0
0
210
2
0
50215
74675
4
33942
863
0
35023
955626
0
0
83120
766
0
0
979
8
709
0
77
1286
89
251
6739
324961
7091
0
424
7323
1
31
916
3435
7798
506
223
0
906
31
7
74
6886
0
45
14
0
362
35254
9540
283242
4315
0
7094
9
126132
0
5
0
66045
4
2559
4
42
3
0
0
0
73906
9798
206579
8526
710654
0
9
0
7
32
0
427
889126
999969
0
1588
0
6
369
0
369914
46
56312
29
3
655049
1
841578
0
273
3
8
4
412732
25
366405
0
5
4090
6085
24692
58238
9472
657
7
32587
8
97054
1
24
0
1
7
0
3
757
61
47
24552
39973
7
65352
917
743034
2368
975493
0
80257
989562
0
521
29
84
7
1474
124515
554918
78530
0
12
0
525
9274
0
78521
5
30283
29
69493
743
99
4188
94540
28
8363
90029
6447
834101
0
6
84942
3566
37849
0
8338
0
41
40
48
73171
0
8
8
875
34
989013
63853
47486
708
67870
277596
0
0
7
0
0
49
7958
609
6
37
73128
39
76
535
87
58
2
869197
559984
180211
1
529
758873
9
207
1
7818
122837
17
381
159
0
32
5588
629352
373
0
8251
2449
5929
6
379192
618
636
9
0
28
9223
7707
1289
1
79119
999633
325907
255348
297
93859
85210
249
0
91113
62697
5
9
217
609
96514
90499
18
2578
3
55
34
10660
0
115298
732
47837
61
0
31
31
31211
968
528
0
50
2
9837
95
59
5860
0
2520
0
268105
73039
83297
0
151
8
72508
4
97
0
51332
9
0
251
87
39
2
18
422
55009
861598
95779
118167
157
3431
75936
0
501
615649
6
563524
30347
8054
405
0
0
1
757
6
40113
789
3752
20746
837580
368419
264
802
615
8459
1729
4
95907
121860
14194
977
332621
509
181371
28
1792
377
7071
367870
78
926
2850
77111
26194
73
4
9
671
4803
495
69185
254219
693899
0
0
0
4162
575
107
11
89
4
88805
6
46
6658
21
3
1479
35
971
163
0
908688
72
531
32200
305612
149601
0
45
0
630
171391
0
1877
962401
93990
0
180
1830
789
844447
688161
5311
30
42329
12
527
125431
701406
5026
0
7
76
31
0
8
75106
6
7
10010
825
275124
385
3640
369
0
0
0
227912
0
278878
43
1075
2571
0
871669
9753
9
97116
288338
31357
9517
3049
0
66728
5
445
0
0
65
0
527085
906308
0
32
79
270
33072
41
669789
1
662526
514358
249
338999
994
2
50511
700
15
78746
0
7599
0
0
79
5
157322
45216
36442
0
4553
0
77
709555
7
954
89
81
243293
820
7737
0
62
5086
97628
0
254707
17291
84
94473
4846
7205
9
31568
2
15
3701
1
169
214
724204
623
640
21723
7
1981
784
25
291
3
52
59
88338
9
9
380
4995
8087
0
563158
112
0
585406
1437
40
756401
4741
717
142582
0
131
1
412152
77806
31482
4
77
8
1427
72841
42002
0
393230
8004
5
0
930
0
6791
84
25
594
653
709
1808
41
9
35
6350
558
87282
0
583697
0
25058
114
82949
69985
0
5
4547
0
233130
72
58
982
658
1
0
73
57405
45
20
947
90
0
7
1612
8915
89
0
3
820
0
5
2270
0
533
48
7515
18134
0
8
660451
177678
4
0
200
0
359477
533
9564
757042
0
0
0
3
9475
7115
0
8507
64177
57893
0
7458
516251
624
7
16
435682
81
8578
0
0
1049
608
0
6613
357829
1281
7403
343302
2
531754
0
485
759453
84920
253
7
9
18121
4
3759
0
48338
9
54
7
7
39
7212
48326
6341
67
62419
2
70387
750
0
89071
47511
858607
6458
760
80
9
7071
57
2
12
803857
968504
0
18582
3719
305
948240
0
0
620
0
54200
790612
66
82821
8
4
63
0
0
3472
660084
144169
20
3550
897
72
0
99795
3895
72026
0
49
5
2
45631
0
6
5
483169
37009
1415
7
478
5441
4485
5996
51
0
63606
0
7152
346
89449
7
63026
5
937528
0
7143
814
0
41108
94473
5398
27994
683
55836
7511
0
0
91549
3
899349
81
48768
3
451
0
9713
329
658
0
5258
9828
32
82
1369
84
672841
2
1
501266
920804
1422
657460
137638
933
65
689
18
35859
0
623
8
9349
9
402
2
7
101443
0
8
0
93725
0
282
1724
45857
23
30133
3939
89
750083
3
8456
71
9193
0
973
680715
5
982421
0
100131
36838
507
7
11865
463
4
14
19498
278786
0
2183
6794
3933
7
1
521
940763
515945
89184
100
72
0
18
0
0
35731
31702
10
326883
91854
8
49
40855
915524
503
5
7
908444
28162
59
39832
698782
587542
3
1367
0
5
73854
75743
76
45753
49299
59
39
28131
614307
129
904
0
38
7280
26
28
59459
504196
1
0
0
308
889
0
725
841395
518082
0
9
8
915890
4007
6731
69
7
88
19
4384
47956
999237
683339
8
86169
751
54322
94
808771
8760
2071
915
55177
0
364
7156
0
805
525925
99
40
834437
53529
749
122
863551
37571
269
8777
4564
8206
8
28
6
5
653
940
822
7
6
8
1094
63890
4
95593
715048
96
0
6099
76961
4
737296
228644
5
207892
6
61
0
7382
0
21402
9717
49
830347
4626
202673
96
68
0
0
73656
0
58
959
6963
0
0
2786
365
9728
2
172
3
459
545701
366283
95062
6
4
932
81725
850550
0
7
8
2294
16657
895
4031
5
81
0
740
984
8
90
0
136
625690
40708
4242
255
0
61
746
44
95
966612
0
9
85329
0
16
379
6
4889
95413
47639
4
0
0
44
5370
0
0
44831
87203
922269
41
40656
6
141
5
0
297555
209
532547
87
0
0
6
0
0
588
85158
57963
6302
572893
479
76293
2
72
4696
95532
0
0
292397
216
49070
49
18
790
0
0
5052
9
0
0
1
8414
0
666
15051
256
51
207
42
46150
743
76177
527
9548
4
0
686696
0
1142
879757
82958
4854
4513
5
816
547746
0
91
0
79952
19782
746
511978
3227
0
59730
188
131
8
6597
9318
534592
0
346
0
62
7
0
31
0
895
0
36
0
29
702627
60
43
3720
890
1
0
281716
0
68971
205877
0
970854
7849
241
116214
234534
9433
808679
0
0
0
843592
82522
4074
335
8
788628
418317
14664
0
0
0
3533
0
26023
458265
0
88125
1
6093
746330
8
7434
95272
43498
3421
355
9736
0
0
5536
36
0
185033
837519
0
26734
449568
50700
547898
9
775
63863
0
0
16101
85
337
35502
40464
2
98480
9757
21616
253
208
1323
45612
0
0
192083
498
72
886
82781
72093
427
4
97524
11
26
97231
9
2
72084
37
4793
11
0
0
384838
8460
37299
627552
688711
0
265
9056
3712
954
3
358470
4266
43
290993
965
77538
0
7
0
60670
71
770592
10
8911
0
0
3
96728
3479
1
0
299
0
0
14108
317026
95034
0
70
0
47
6335
9
619617
610
348704
39
46024
164952
442579
9872
964
3850
24
0
8
0
8173
133
647
490493
756
75081
65938
2721
54109
628955
7
0
13544
7
95010
4712
99813
642
9794
535
4829
46
50
0
6682
907
0
0
38917
6749
2
0
0
0
8262
1
55552
284
0
4
8819
694631
54606
48652
0
79
77
0
957518
13
67
2
781
972045
18
753
733
894
45
97
4263
43903
6176
36710
4924
0
3104
0
7
33
8480
73
4
0
510116
95
3
916
1
1
0
6539
77
1755
0
2009
63
8
808
30
90
6
658
578051
939542
0
9
32
4
549821
17
43961
6
10306
1403
47
115970
90292
23
804895
9832
253181
26
941251
823358
409161
0
0
455702
65553
5
98
0
0
52
799
45
66
94933
548173
921933
0
1
644062
0
820337
6
8
29535
7
725
0
848
0
15
2
8815
43
4333
4950
114230
985747
3
29361
62
5
50
14
0
467
0
6591
162
34727
59
4
4923
0
61738
30
479873
27753
52
0
7
163
7514
2213
505
252815
87871
6
7249
67839
0
84292
75
0
228
90490
5625
141
3
8563
93
852
7478
112
7
0
9
813501
60
0
8525
25397
7
0
0
1712
752
38239
817
6776
0
7158
5520
7
0
378
0
703848
136478
3820
0
3979
0
608874
49073
7560
6
80
0
0
9082
688
681
8
92
1
62
79
0
830195
9490
0
77938
1
6913
231
4
466383
251258
45
8837
38575
20
6691
80
87566
156
7629
4
0
0
0
88061
807
47087
115909
75414
0
461989
33341
8
10586
859
7681
9
6142
5
0
909604
337
4760
58284
54847
849971
1572
14859
1028
412762
584
5731
299
9
50
443
402050
2141
18
0
5
92
9427
50
0
219306
637
5
57
119724
8163
628
4
12652
293557
99493
374858
9
4
814783
977080
47
1103
227423
805
0
0
368083
586
2943
28406
544
84
227942
54
0
0
680257
87
0
23071
259
6
12
0
468
4
11
0
4489
949
146183
0
83703
573
266914
6269
756950
2
0
866
9324
73
0
58
92
3543
160
31
4983
6487
3619
0
0
572
72927
0
49
0
8442
9890
47
0
121311
9128
0
3
732657
86
88879
24750
6
1
51
9952
8665
293038
4609
53297
60
4867
183
5570
837
668050
2282
87
786
357768
0
9308
613
76516
75
0
2187
995
95
0
0
380169
77266
805413
73
9
921475
32258
0
95150
7824
6
5
67946
74
68443
238
185064
70278
1635
152
294656
661
0
334
0
483
69
0
6
7
0
606
55073
73
8600
730430
0
5
3074
4114
0
0
614154
3
948
69
61888
8550
22647
10
5
1
27
5
7
421
4
35
825952
1943
0
859
52888
59727
2428
585
8
25
682
259
0
494857
60576
71
0
649
849391
38
4
47926
9
0
7920
727500
0
69
56
79238
3
56
4827
529
879177
56
26
178014
82
65
56
4
7975
458
924
506
0
0
9
6
4398
2
76
40
85921
452772
0
0
5
0
4932
86
192876
0
315
90
74175
61
9
890
168004
0
508
7
7116
2
691
113620
5042
370
0
1369
27619
0
64314
41358
18
52522
661336
281472
7908
670
7
5473
1013
0
99
2877
0
272
4
77
6
0
55
525498
742
341380
547
48
0
329
0
0
41502
48707
684560
80574
5
86428
124
496963
7
2
0
26
86870
7188
11
167
408
300
553910
0
0
0
0
0
320841
29
457
275
59999
25794
39
891
0
7
972
36918
96
96026
97
6
0
672780
4005
0
73909
268318
1
51918
32
955
654
724082
94552
86642
0
9056
3792
26
88
6620
7
602
4
12
32676
492
9460
0
15
912
3
0
2
4576
788
9538
45
645466
413342
82125
87524
0
5
0
184
5
0
2
3
1
7
307626
8
0
666
7399
71
9769
139
6741
20816
0
0
6
60
7779
32
2
26
4
756
0
862605
68
6
3552
0
7
0
37
16183
31772
63
377971
0
831
983184
9585
6
369365
69371
49
7
1
8458
6978
46848
0
0
2
90990
171910
427900
690572
5948
78585
701498
2
850
3
76
8
2493
0
3
5
19
10
9
5113
6290
2
8463
65
8566
1
74489
1003
5
64
18622
873
0
2
0
0
8
54979
9
99588
84
796
311136
7
54310
567552
494
956999
9574
593371
60213
62675
772362
87221
0
442060
19
233
7
2007
913968
79940
440
5
1
87
3570
60
2053
7403
0
234809
5
0
25534
0
4748
9170
94061
297
602
23
4552
3
614
932248
0
6448
8
552
6084
0
357
60
6936
9637
797082
3
665547
0
8
61723
0
974
0
0
0
0
0
95950
17
727
62
0
53
95
21246
280
27134
55610
49580
6613
37
40
0
1
6
38789
2
3
40385
0
6054
940
12070
0
9128
57783
44837
8
478682
0
1
911496
1843
25
3757
1
12262
143
69502
9
196508
632
72835
72
5957
0
5
25
708
0
0
0
161
9
2
618366
154
413
0
6329
91412
981
386
1666
27
30
9
785851
40
2
656
0
589617
3
0
152256
25
33368
7544
165
992431
1
7715
87
802
4
814966
1
4072
158238
550126
90
71
95684
781395
70870
3975
75130
9178
642506
60
947202
24268
9
0
952
30
545182
6785
789
453
0
32090
8
45164
762
335062
683614
278389
0
2186
13309
0
757
8101
3010
82039
153599
0
86
17297
0
793
4084
424
605792
0
944
3
2
5
49333
3941
221991
437
8390
0
886471
6540
388714
43650
0
0
160771
7636
0
63396
0
4
0
0
308206
28
0
518631
4
143406
0
614
881
549790
1415
59
58046
0
701
0
0
181
0
8
838801
6
2
0
56355
7259
1
0
0
1
0
356
53
2783
2292
0
0
133365
1976
968
95550
1077
552140
8778
6854
317
535
0
36805
0
255
846
0
688467
0
1
0
292
326883
691640
8922
93
0
8570
5
67940
19
3
0
100
2164
0
61885
657582
342295
1908
943
226
642
46205
12527
739860
957
1
5
958067
826
932767
283
3
533
2
55806
1784
282
6
6399
5
5
9948
376
63206
2
16
650
34958
86
179
98825
5498
43
1
30
8307
8093
0
75627
273934
0
5742
74486
338908
3367
3401
16
0
48185
843
0
30509
889
44212
69
816
1
7361
122501
834253
97
526596
9555
50
8
0
767784
330
78
41972
7
973
415448
48
870
11999
841273
77758
6513
5
93
8
7434
80538
5
7
0
24158
15625
0
607348
26
253
4
47
79299
24
3
2
0
375377
777
354991
89
36
5
48
10678
0
3
348
0
29
605731
10168
36490
307290
35944
65
9952
6738
9433
17722
282
869045
5
6
0
601062
8
0
15509
5
4799
7
378
31046
115756
0
1996
8
3
4919
878383
73
0
42728
1835
294
442
81
6
179
31308
40440
477
0
2923
23
0
304544
0
3
0
78
833
667
2
78
0
95
0
95
2
966
4
929837
0
667531
6
272
518051
59
3
2825
18
361
2
851344
0
0
34
27555
26
0
4
59419
6
429029
0
8
7659
9598
805
0
52003
1579
989379
0
2876
269
254
46894
641926
523
605792
668
1805
6
91
19
482772
34
1255
0
1
2953
89968
8
0
7
62746
78
8
0
6187
499862
3620
95
667744
7179
26
18088
0
6130
3710
6002
5
128391
41651
252
808
7
28
672048
3
1842
0
62269
3
154759
3669
95
1
3
39265
61827
139835
0
679921
72
545243
1465
5331
0
80
933
7619
33
0
0
5
831354
5261
8
226
8680
62
0
719260
61754
3
4
3913
0
1
354503
557
416302
769005
692
90524
375774
5
9863
75624
21991
18
15
0
7
336
9330
5886
42
292184
394
0
6442
0
655171
30
47
709
66103
100
39
9
0
94912
45658
4
5305
96
279061
24
0
390057
0
738
51
256
3288
850
0
263
61751
6779
69
0
8958
9
0
59
0
637
327005
799768
672597
8
15598
436323
56
45
50
3
32
50
0
0
3
778
73433
97253
103
3
24475
65541
46
8601
0
126
4971
87
1654
839
80
8668
40
2970
827234
9392
51738
388
52980
808648
7076
0
0
804010
132
0
528
149
43427
57741
5
561
21787
38459
556
9
0
396
50300
78
0
776818
717795
0
3
0
6232
16580
740501
6
7536
8738
75380
140
86
0
2
4
187
28504
171086
627
76100
43
7
5698
9510
71568
22949
20307
4
877
5
653279
0
0
21
41111
32053
83129
8664
66368
9856
54911
743003
75145
6394
9132
661671
0
78
84331
345835
1789
16
60213
85
830
22
1
13
7288
76
8633
6
2128
65211
0
4089
141
6
0
0
2
0
234717
27878
486098
902
1453
954222
83
2
215155
29
7
792352
153172
38
2850
452742
61
7
6552
7959
95
72
69969
0
0
0
89532
9577
3303
49061
7280
832
0
4646
0
604785
27970
319925
1600
92
4
0
5140
160
6752
0
553361
204168
48
407940
0
76796
8
938
0
280037
8
24991
9
917
0
5709
414
592
7
9041
17389
6
279213
42484
0
195
12
9375
910
276
256355
301
7542
5523
10
9
9366
818
822260
724
93
159
57
35
20
816797
0
7
5
1720
85
70073
490371
8
606738
0
99
26
966307
585741
35584
649616
484267
778862
5
6
709
152012
15478
5819
0
30
66
1797
1458
72
86935
41
5675
473
0
39457
58879
0
530716
878
225135
16
9
534440
846
923
0
2904
44
821955
93
82802
393
7
500198
19354
17
928
30237
537186
5869
0
7
0
961
0
36530
582
8
279366
0
49616
597
0
2
16580
66
1
19687
7
7322
721915
6440
4
15784
195
15
0
5
8
58760
9293
16
67241
2
2549
0
0
2836
5566
0
768456
0
601
68623
5
623
86809
0
82
846491
913
42
2697
76689
8
7
276161
79918
999
718
663930
7649
553
0
70
0
5
500
295
186925
6407
0
286
0
57
95
34806
744865
8847
731
85
0
415
12240
75
91
0
9464
367076
6160
963
531357
833
578
0
35
910184
0
51
8
8
0
65
1402
6636
637
3130
36
874
561815
77
0
2
5668
22
90301
973296
2
0
41731
321970
28
314
155
258
0
786950
1
2
596057
507034
4
301767
938
0
43690
776
69811
0
381
0
0
37272
363
4
250923
84
35
2109
28183
76888
6
4
99
6
3046
35532
590838
29
91128
26
366679
2
2
0
2584
2
2
0
14
9253
96639
0
75975
83
768
2296
0
297
57466
26053
0
4925
26
73766
4
2172
19
401
0
81
827723
8
72
351
5393
2
0
1684
47
35
3
4070
0
259
6289
59
76537
79
499
0
1415
41
6
9
44
405
73
5
52668
0
57
0
37
5794
0
5
1578
3
46736
98214
514145
520
7101
178
1
1
17
616779
8
874965
778252
215765
1
459
768
253
82073
351
0
78502
525711
33
2
2
31
34925
9
175939
0
389
60
4904
270
58204
189306
30957
258339
34
87
338
1
702
3
2
17
691274
9155
93
55
928830
3
592791
9
281
49259
9
9371
66713
92138
5
2
979
89324
36
14227
13901
0
1
74
0
747489
7093
6860
0
175481
0
3
8
776
81575
2
9
0
961
864
47798
5957
570848
67
0
7
0
8
0
3357
92
3048
2
700
9750
113834
0
271065
0
6
0
457
281533
16660
373
443769
0
0
892330
144322
92996
129520
34
2882
6599
0
361064
6
2
204
376140
25666
99
33536
6544
950
61
3
4789
44355
6869
534
4489
0
89
8017
906216
211157
554
874
0
184
228
90936
7
81429
453779
0
1
0
607
0
765739
2
0
95730
319
0
0
8517
593
0
0
0
547074
0
398724
814
7
69832
52
52394
1
0
6
9
238
91
649
0
0
55040
783043
75
83742
0
45
29657
8953
82213
0
6
10
2
12
480636
0
818689
80
29187
8098
24
2497
7
66
411
0
3
6024
843
44441
8
225196
67531
548
15060
63
0
99
253700
48
51
907406
175
17
29606
4
1351
138
29920
6
0
26
8083
29929
788293
4
4614
76
96493
29
0
5
3
880
1505
18
58
6
608600
32
2
689
84
0
401013
47
0
60
111209
58
0
0
494
937803
169560
7
204
34910
545
2
93
2
636
120
0
4
782860
0
3
5
459303
7783
1228
6
73064
3
787011
167973
834
469
0
6132
890
6
895138
12598
72707
16324
0
70537
8
0
97766
850550
491866
896969
0
3
0
54
0
26
503
0
335
865
0
56
2959
920
7780
711233
629
94076
6143
1
112582
6183
5
6
3
0
39
337626
31
38575
14584
61
94833
64
0
802
97305
0
1
0
7680
54295
41
829
39066
898
32
49897
7
799768
1994
7617
7347
70580
40
6954
890774
710
313
6
0
22
3
311
0
76168
18
953581
92422
8
148
5905
82
25125
579882
610
3
0
4
10
23
91
20
801416
84942
179479
268
45527
4340
56736
3
537858
218
31
325449
843
7
6
51
25952
0
88253
98
7
39
9405
30762
481307
689230
69441
7312
0
20
526139
67
813592
44526
33
80278
4739
13516
297463
323
587
708731
743095
839
0
96481
9086
531479
48039
0
88
496
1459
884914
6748
2016
13
31876
3
7
8
0
3
18747
808038
40
949430
12
8
644
7548
92
9
34
41
12811
4641
0
0
4
0
9
943
4
94
1
9710
0
36
3857
885
9949
59
0
62
78
294442
52775
0
86
7
1
29288
32636
2
833
7397
9359
611011
9699
6306
362
205694
847
5
5
420
7
964415
929929
434
85
980773
49
0
5
643
23407
0
4915
256233
133579
3
1
7
21686
6529
39
0
50700
247
796899
591021
289498
72972
7
873
2338
0
39011
38
8505
5589
1833
7
7296
29
548692
91088
0
2824
88
26
5
0
2591
52540
7
762627
7
541
5
6529
37
7
1
2
661549
3290
0
99
5
0
21
796441
339793
30
71
87377
6
8884
0
30
803
0
23
479689
27
4
0
7
7
345
4
0
47
10
7009
89
77
0
509
3825
1701
7
963
140659
78
761
918698
709
822
225470
6759
855647
8267
0
8091
69
78493
823
124
172
116
47480
7
60
38
1
29
5644
0
42
290108
439039
0
45402
51835
476454
48
7
677236
7
636
65
596
94863
0
79
0
923
0
5
77
2418
0
0
8058
95
85998
76064
732
4
6
65
8
48
7
0
81
1884
894
10
48512
4263
0
39
37083
92
48
83803
595233
6143
4
1
825
5
6
869319
0
0
0
5
0
354014
5
2151
9
33
127
310312
2
16
98400
519791
0
70
743186
179296
166142
0
92
67934
5
214758
8627
16022
949980
28424
0
46690
6320
62
1500
3
8
498
0
15750
131565
32770
3
1911
8593
780541
2
15323
72
207
58
239783
0
702
2
6
861
0
4
92
332468
26
131
526
3
2843
0
830805
62129
0
94
20
1
271217
27436
345133
9
93
547
670400
6
327646
159
302
935819
0
13
41499
6
9
777001
599871
0
92950
909482
54274
0
597
550
0
468
0
666249
84432
0
49
71840
8
5491
9949
44
2
0
7
48408
595751
52
867976
153
391399
5
0
102
388866
98
6275
17
3
7730
25
42329
84954
68562
54445
1
17
0
812
8
38
277
859920
876369
520
55
1
0
848
82
411053
0
328
68
6540
413
14731
344767
25
133152
3
403759
0
0
886074
0
297158
2913
4062
5348
5
236732
98104
337626
9097
0
68
40101
15390
994659
2
88
56
4427
51
64888
0
74
228736
575914
0
5050
9848
483
907895
488082
4119
95
1
373
0
68
0
0
0
0
29
673
39
0
8887
7
644
27692
3
391
74700
572
0
85
48
473342
340
0
36
25547
79317
4923
405
1226
21713
5858
7461
5
95187
56
33512
0
0
4
82284
20
8488
32
14
0
23462
82
3110
0
94
53
2744
2
5
8335
617
464
8147
551530
346354
88
0
766
820825
968291
0
680135
801
71
51
64
0
8
981
2
52
7
273110
83712
999603
27
42
43
0
49
263283
0
768974
35
1698
440839
2117
0
92
253
0
34452
69014
581774
76616
0
153
0
980
48771
7
66
0
0
9
9674
0
79549
9581
6
354075
47965
62
8
2371
671
555894
4
480
9277
52
8836
976592
53
8
1109
83
964
39
0
544
451429
0
9768
30
708
0
43263
41
7
6
96
8529
8
1010
48
937
65
1
0
131
319
488601
99
968
909573
9
168126
10223
82631
638416
579
485
39
38590
2403
0
0
8
69
22
76140
997283
4
295
81194
0
2
0
0
0
34
64308
535111
557481
427961
790
33661
637
1
180
0
75
90557
470992
3100
68
9
820
0
507
881
31861
947019
0
0
5362
0
9321
499
1
111575
0
308084
9
0
99
5
483
185
357
96
0
540
1
9272
6
6
38438
2373
98855
0
0
582
994659
9265
642139
885189
92779
6686
494735
0
93722
5
853
479323
66176
0
5648
102755
59
325
899
11
6
75618
664662
607043
73
53788
444013
5
9
0
959410
0
41
0
559892
7245
323892
435316
8349
0
883938
67
35
0
6
685232
0
5
0
0
58
1842
80
619
72
40
850
33805
30692
0
786584
708
240
379
74944
244
470870
331125
780
5
5875
166
98657
16
56611
0
3647
2588
63
6
0
455092
23
0
149
561
203
292428
6
879
9204
7
0
953093
7388
150
9102
32038
4473
3552
43885
553
887
1100
0
29770
691
48988
856685
68874
1463
7
29
682973
181920
2
822
51
0
7238
366
0
73174
0
890072
64
963
7
81
667
0
94750
574
767
3
19
29
80495
0
0
58
2814
0
6560
460
678456
235908
0
424
91167
450
6
60
9135
688131
99038
0
34
0
37653
253
40
385
75807
52
82
16
1
82
9347
965971
815
51
8
94
78
244
8
7235
678975
59694
6821
489
5784
542
47740
2368
817
127109
95
13028
0
518
0
9
937467
2
0
917
0
341868
4312
985
278969
13
68196
2467
940855
187688
0
4
50
33
2584
0
4274
0
967589
325235
32
80
4684
5
26859
0
0
9535
135
593676
714
75374
1
74
0
0
6
0
0
99
4553
3301
4
788872
363658
34
572
8
6
7071
87817
400
55076
32
514
8
246
188
64
84
50407
9
4025
3109
72
4605
0
89
0
861
9136
954466
168
21
21897
51109
6
698
5551
0
2
762
20328
0
8
0
0
82
52934
67
12
7285
69
0
663
723990
0
3
62
63
28211
420
4
3798
418134
878078
5
9
277352
5
639
55
716
0
4371
80071
7
3144
0
110721
705191
15
10052
0
8
42
0
62
679
9775
46723
66
6
5
42
32532
0
8
442396
945951
633
3525
0
22
9
6488
573
520218
23050
738
7613
693319
8619
411114
67
288949
62968
81054
12
1564
309
1128
459395
0
29
326
74
172368
378
2167
14
8031
623
3590
3
77166
405
31226
1
1565
5465
9210
0
803
5
74
476
6068
1
589098
0
945
6
0
78310
893368
434858
129
0
55
0
4
572130
0
64
1
812799
84933
0
84380
0
23432
1996
58
832148
281716
96
933
6
2129
1
61
564
129
789849
2
682515
985
0
97103
0
4
0
6744
0
908352
604388
74810
11648
54
44
0
8
0
21
973662
10
8
59
2794
72423
679
6953
0
412
342539
5655
518631
90
158
847
329
1
6
0
36289
5
30088
896
0
679
4
44
675222
53
0
1184
801
45664
666
0
57
9
786
4
319
423139
720328
1486
40498
684
61
172
182
7485
2
104464
57
363
8
42393
495
43269
96218
54002
0
5948
20224
935056
3
9306
36909
434
0
795922
98
600054
2
0
8972
25217
1990
776
39
1116
0
2
27
5
0
36289
3
58
32456
8
18295
702352
47
0
0
1
20
0
0
3216
6507
50117
464094
761
753868
157
0
889
91024
0
64085
4
790093
32
7
276375
25901
0
205511
28501
428
0
0
0
8335
317972
3301
909390
0
98544
844447
8051
5
64
0
9698
3158
744
687
37202
0
359782
11
43134
0
397289
611
596
0
9
1569
9196
0
6
5
571
5
466444
7
617908
6163
179
136539
9
502
0
947508
256
74
2211
0
31409
0
840296
6
86288
62
2
999
2
42207
736350
5537
3
0
0
1
704275
81
0
58525
341227
0
7
3112
412
882442
224463
5
38
3968
767
79
628
200
60548
959
9
12851
131046
713156
7
0
21
218176
98
92
667531
3
752
269
80782
0
60
87670
18396
378398
2111
4
39
0
147
1
669
9857
52
0
0
0
646
50
90823
113
7535
2
739
4725
944334
1
129520
813
18021
0
48902
54570
0
207342
607745
847743
9578
506
4
5
680
2
0
0
0
8
0
1
0
2
86
6
225806
0
17429
0
32749
7000
303
0
949308
928
0
9610
353770
80968
55470
7289
0
8319
0
52058
0
71
1481
0
430829
80
0
94000
992553
26459
816339
901333
4
2309
89062
54
0
628
12
561357
52
0
84316
789666
390
91
815
531
145
721488
38
658
173
785
79363
25351
36
0
8
279061
752
109
605
51
309152
54
75731
497
80855
0
0
6
864
8
0
57359
6
243446
0
2
2628
0
0
7665
0
34
917874
6
0
0
7
3697
105014
7
407
7475
0
2
1
0
2
5887
915524
337321
43546
788
98052
8951
4
3189
60
441
679
85
87734
1947
70497
74983
702
767601
245
82
8466
909115
32456
61821
1625
36
6
21637
918
87231
7
32709
0
260444
20
0
0
7017
95110
0
207
6854
0
1839
0
42289
23453
84914
829218
0
1238
44
440
0
1867
0
1
6282
3
77
451246
4
322885
0
9643
2
620990
88
85427
0
70671
0
620
655
260
0
910
231
57
0
479598
907925
7
690878
272
623401
96713
57
6
29343
99212
0
0
8
340
0
475905
100772
6608
87978
24
586
0
925778
0
2138
101
813
7
67
7451
49
33530
737
3
48347
58
69
44096
10
44904
621
92892
0
76
4
698812
31
0
28754
0
56956
4
0
473189
8282
590990
2520
59
1
0
1
8
3581
57799
7
5
236
0
61
883663
8
0
372325
9979
4681
7
9
0
91824
13
6
9
61574
380474
0
34
830561
7
0
0
183629
124
279
0
77657
8893
0
1
8673
135227
7
706
6710
0
805
537
28
432
859
53
7430
0
6180
623493
0
6
1626
9
161
9672
3084
381
6109
417
90
2
65
450819
37983
40113
79064
35
6172
2772
1577
455061
68
38413
24
4022
0
3200
395
675
31
0
0
139
771
64198
548631
761467
0
3530
6216
435
0
0
857
94430
76
92364
9228
4223
82171
278939
2
659108
2
877
9794
0
34
44007
0
171
28
8467
0
4
495
23819
221411
0
903
3268
156193
797
0
7711
72734
0
86767
29
0
0
0
351
435
725
29
8
164
0
0
110
9833
5595
2777
821
184667
471846
0
2
9
845301
4
39
4
6
715
5650
12
953398
8337
7388
9
259834
50
26
0
45997
5810
65233
40153
0
4
4
85
771141
0
1
5030
7
5813
642
83712
0
1
13321
81167
5337
0
0
392
332346
29422
95727
23
7
0
0
47
17007
30
110293
6
75
0
37
85
23786
48249
8
67
3291
336
22
737052
46720
78
641438
145
6
0
9448
39512
3697
0
166783
3613
741
3813
243995
79045
662
0
5657
0
16977
73
86788
19
8
968
252693
0
62761
99713
333414
836
590
2
0
3555
5784
8
3
48
24
0
0
778496
0
6931
35181
10644
242
76
0
55552
0
0
307
492446
1633
72362
44
7371
0
509567
1
8
80
820520
80742
625720
4518
3552
54
507
646534
49
910
40061
0
18036
4070
402111
0
109
3204
7431
82
80
592089
838
9
13223
84
46156
935148
3
0
47334
5
6
140
1160
8848
5783
7
8249
7
0
3
643818
16745
53
6
155
0
775
7955
983947
29
501
12112
840052
0
0
0
70250
4
379863
9115
0
13794
6
59208
617
9965
0
58
2
2
2304
6737
42402
307290
99
9611
3
0
32038
0
3188
1
2303
7
601
5059
9494
62562
6
6
1
0
2981
78746
22
0
42124
0
0
198706
248
2
0
5320
15
0
5451
51087
4
851
40
630
28
396
81624
1
7
567979
6
435377
898129
58
5258
45
0
9
3
698568
3
2326
0
24
561
5937
6828
1
0
298440
895
109
4
20
2
166447
9
2575
581
6
0
0
498428
3
0
727
0
0
4
0
6866
2969
5
95370
2070
8801
580645
326242
9505
26706
647
13803
746024
32593
82
76067
0
6491
799
65172
34
0
9
9534
44672
20
652
0
5255
994811
3105
0
1
0
55
113345
190282
746
0
17035
92
0
73
36579
29306
0
5463
5477
995666
0
920
94830
4
451
811304
640
8572
590
96606
119
526291
144
23
1205
1
687
0
9057
3464
0
6
3
242774
27893
441
7
23
453
98239
87
83
801
84
163
67998
0
42258
3
6147
427
29
8
95
734458
90893
50
84948
689
0
591
747856
28342
907
4
368
10840
0
462
7668
1
0
5539
5177
81530
603
22501
38
3105
91
1600
103
17764
797
0
26
18
5707
9432
702871
4244
88634
790
9667
754
284
0
942
270790
86
3196
5880
97604
1
0
7
5433
7
443494
0
2
89
3
2097
805078
147
88
0
87694
9456
874
72212
9
953
620960
7522
0
635
7
0
9790
921
541
8
1516
0
6
93
323618
311
0
9
461226
4
9
3168
7
0
65861
804254
85027
26206
35786
4169
94433
0
702475
645771
3533
31269
922086
1278
0
25
8724
385387
80
0
24250
688
0
839533
88
4480
45933
20865
2800
309976
4196
54
1041
4
0
24
0
7
405041
77074
1
75
282
170
0
1
3
78
55632
2
7084
45
3
0
89
3722
34
8
106509
25
370647
573931
77
425641
7124
7
2
13
70
0
9
6
5949
961821
0
56
46122
876918
0
9327
0
204
14029
621601
3
5
0
0
297860
23
803
2053
6
0
84
0
4
6
1
64
1899
152836
667439
0
144260
3518
15
341
73705
362
0
6
459730
427930
0
37696
0
75
22
0
1
52327
44
0
96771
0
795892
0
8
591
516
0
449
64
14487
6
421
0
890865
8
7
26
15
2
667
6
188
789
807702
0
8328
90
63133
0
4463
70
83742
338358
90
282
9540
56
75292
0
0
86718
4
7
0
4574
8
97561
209356
72850
61131
706961
0
988
85470
83846
311166
325
2157
866664
0
0
693
0
16
533249
63
19321
15
