93
98895
605
24921
53
1
1017
6053
86
187
0
344
814416
1386
5531
53
68
0
0
0
2
973
494
2
58
9630
11
0
945188
0
54
5351
0
8769
0
90
1671
633014
3
993
644
322
96
685
2
9772
138
2
356
34
752
876
3966
93087
42
0
48
64418
8
64488
95532
6679
603
0
1309
247
6
175
17
455
545091
5
62990
0
0
48
743
677
26
9253
3264
64
3392
0
0
578
5264
9
876
59
91
398083
8778
0
0
380169
20
3760
0
0
8
4499
238
118
0
8
0
86233
1
0
5996
0
5474
41
12720
9671
2659
0
575853
0
8
45854
457
633
84759
86150
64
88204
68456
379
0
8
383
0
0
9491
6
0
58616
75139
84145
52400
0
615
46
5416
3
98
28
7
86
1562
932218
392529
6
534
49
3003
80413
262
276
0
4483
0
61336
80
77193
3384
9
6624
1467
0
72841
27
5
8698
2
0
7
604907
54
3
0
7
0
4489
0
7803
9676
4
0
7651
1
0
33
5761
0
3387
194738
218665
1302
949217
97610
0
186925
0
118
55681
686
0
484
671132
542191
32428
84981
99340
32
566057
3
5
88753
9
88
13
0
47
406
0
6
3
276223
6047
10
8
7
3010
101840
0
838
670
38190
4483
363048
8543
299264
73
6197
8
271
6
31180
537064
3
402
548875
6
17
0
64751
956
0
3
57313
86590
1604
31
41169
5505
8
120548
7
70
56456
6
58
211
32181
8
0
982
6418
3162
71
0
0
0
0
0
17746
0
533
0
9
9
0
871150
115
699
0
469
3398
839
27
651875
181
56096
880550
298
61
8
17
467421
51127
346140
0
3
20
431
2280
3850
27
63
0
3948
0
0
382610
9897
292
9147
721
98
932462
22
0
875
6796
24588
0
171
70232
1387
0
9
452
8463
8719
5783
2771
63551
570482
662862
1607
737083
6
464
584063
11
5087
0
51
362773
39979
54
520
71932
0
7
656
0
101931
3893
5
949766
0
5
0
467268
83339
6
4
295
96
2
0
579
3
343791
7
856013
49
5432
10443
94
73
5676
48872
9681
36
0
0
49
98
0
76180
8294
904
8
33
3593
68
447981
434888
1
84
224829
6
0
6
33
7
646
8933
216498
88
0
0
968657
72
0
40839
9730
0
619769
0
5
258
8658
0
95
9
1
289
82
28
334
10135
49
524
757
0
25663
6
0
7
4
174
0
2
0
604846
67
0
9061
93209
602099
0
169011
57838
64668
720542
553178
874
58381
9914
5344
67
63
16
589
832
7
2
403
34357
230475
560808
0
799
9930
189
20
22
34
767
21
4638
0
9689
3268
73
2
0
73696
25
0
647053
73
7196
251625
951
0
89
3223
13855
5
0
1
4157
751
807
11
173
89519
0
2
9127
4046
225684
7555
16946
1114
2302
293527
81563
12
6
146610
60997
77
0
8
0
710196
1787
978118
29242
111
591418
569
839442
999
84063
36658
828882
706503
4996
661793
90
45841
4
47752
27066
79
8
83529
2578
82427
1061
1
733
3
84
750
848
7267
1379
522629
0
786492
15402
6796
87295
313364
0
6568
0
5717
0
130
46650
873
6
16345
500961
287270
795403
47309
0
466078
2
827
371
0
0
56291
2924
539
467
231
685
9
0
36
572
5628
585192
3
6848
922
232
589617
70668
0
126377
338
588
29
382
0
38679
16
54445
82808
0
2705
0
53
12070
3933
0
879665
25
3097
9
9
43345
11700
714
44
359
690
93508
5016
0
26
38361
289
76
0
0
88857
0
541703
1834
0
105
50
640522
0
0
3
5286
7429
0
2
2
3
542
84505
61128
246
736594
307748
2
0
9437
7329
0
759239
0
4
71413
341
61513
0
678
9029
0
98745
5045
3057
9546
698629
154148
5
54
6
0
0
42542
0
5
6
3
0
23
361
7
5372
71
0
7834
1
9783
2429
5661
30094
112582
77776
63
0
976317
3
5739
1386
93
715994
7
629
74
150
6
0
49699
0
661
0
7752
84
0
674
8
9418
5
909
154515
67958
27
422284
55
5
65
0
1
768211
1
0
81
87
7049
13
0
7
176915
2
6304
5713
9
0
317
43
18118
6
67247
94
3
746
7523
239
5492
6
584
4540
79879
0
782
2
9
0
27811
35361
0
44343
19
542527
62
37824
820520
32
67079
39741
74
5
59
0
6384
89877
923032
22
78170
0
0
24
26
56245
935
580
885
62471
4662
0
72
9226
57689
350505
47294
733
1
512
0
0
2856
233
0
408581
5309
520889
0
0
4
3874
752250
58
96
0
1786
535081
4
50721
136020
0
6359
109
122989
85894
91207
16653
0
205
8836
535
159916
0
0
0
2763
45
661
9291
0
4063
588
80
6738
389
177770
13232
38923
54
0
362987
66
57841
0
9779
6659
0
98474
6981
94
0
2
0
453749
0
467909
653370
655842
65
150059
140
752983
12878
67763
5
5
97
62
2
471907
2
3157
698
11618
6143
529
682
5212
43
27
2
15
842
719
224066
93356
2221
0
600512
4
97186
66313
149
978
94485
41001
11
908963
0
0
0
4990
235053
94375
7401
61552
3
586
3692
0
1257
756645
6
5
183751
2699
12
4010
1
62288
0
0
87
366588
449
3
0
13672
6
7421
1
8580
0
42
72417
3
6684
8
1
103305
0
64363
285225
912900
0
82
15704
463484
397015
