数据规模为100的数据进行快速排序,结果为0.0233ms
0
0
0
0
0
0
0
0
0
0
0
0
0
0
0
0
0
0
0
1
2
2
2
2
3
5
6
8
9
11
17
20
26
34
42
48
48
53
53
54
58
59
64
68
86
90
91
93
96
138
175
187
247
322
344
356
455
494
578
603
605
644
677
685
743
752
876
876
973
993
1017
1309
1386
1671
3264
3392
3760
3966
5264
5351
5531
6053
6679
8769
8778
9253
9630
9772
24921
62990
64418
64488
93087
95532
98895
380169
398083
545091
633014
814416
945188
数据规模为100的数据进行归并排序,结果为0.0117ms
0
0
0
0
0
0
0
0
0
0
0
0
0
0
0
0
0
0
0
1
2
2
2
2
3
5
6
8
9
11
17
20
26
34
42
48
48
53
53
54
58
59
64
68
86
90
91
93
96
138
175
187
247
322
344
356
455
494
578
603
605
644
677
685
743
752
876
876
973
993
1017
1309
1386
1671
3264
3392
3760
3966
5264
5351
5531
6053
6679
8769
8778
9253
9630
9772
24921
62990
64418
64488
93087
95532
98895
380169
398083
545091
633014
814416
945188
