数据规模为1000的数据进行快速排序,结果为0.1842ms
0
0
0
0
0
0
0
0
0
0
0
0
0
0
0
0
0
0
0
0
0
0
0
0
0
0
0
0
0
0
0
0
0
0
0
0
0
0
0
0
0
0
0
0
0
0
0
0
0
0
0
0
0
0
0
0
0
0
0
0
0
0
0
0
0
0
0
0
0
0
0
0
0
0
0
0
0
0
0
0
0
0
0
0
0
0
0
0
0
0
0
0
0
0
0
0
0
0
0
0
0
0
0
0
0
0
0
0
0
0
0
0
0
0
0
0
0
0
0
0
0
0
0
0
0
0
0
0
0
0
0
0
0
0
0
0
0
0
0
0
0
0
0
0
0
0
0
0
0
0
0
0
0
0
0
0
0
0
0
0
0
0
0
0
0
0
0
0
0
0
0
1
1
1
1
1
1
1
1
1
1
1
1
1
1
2
2
2
2
2
2
2
2
2
2
2
2
2
2
2
2
2
2
2
2
3
3
3
3
3
3
3
3
3
3
3
3
3
3
3
3
3
3
3
4
4
4
4
4
4
4
4
5
5
5
5
5
5
5
5
5
5
5
5
5
5
5
6
6
6
6
6
6
6
6
6
6
6
6
6
6
6
6
6
6
6
6
6
7
7
7
7
7
7
7
7
7
7
7
7
7
8
8
8
8
8
8
8
8
8
8
8
8
8
8
8
9
9
9
9
9
9
9
9
9
9
9
9
10
11
11
11
11
12
12
13
13
15
16
16
17
17
17
19
20
20
20
21
22
22
22
23
24
25
25
26
26
26
27
27
27
27
27
28
28
29
31
32
32
33
33
33
34
34
36
36
41
42
42
43
43
44
45
46
47
48
48
49
49
49
49
50
51
53
53
53
54
54
54
54
54
55
58
58
58
59
59
61
62
62
63
63
63
64
64
65
65
66
67
67
68
68
70
71
71
72
72
73
73
73
73
74
74
76
77
79
80
80
81
82
82
84
84
84
86
86
87
87
88
88
89
90
90
91
93
93
94
94
94
95
96
96
96
97
98
98
98
105
109
111
115
118
118
130
138
140
149
150
171
173
174
175
181
187
189
205
211
231
232
233
238
239
246
247
258
262
271
276
289
289
292
295
298
317
322
334
338
341
344
356
359
361
371
379
382
383
389
402
403
406
431
449
452
455
457
464
467
469
484
494
512
520
524
529
533
534
535
539
542
569
572
578
579
580
584
586
588
588
589
603
605
615
629
633
644
646
656
661
661
670
674
677
678
682
685
685
686
690
698
699
714
719
721
733
733
743
746
750
751
752
757
767
782
799
807
827
832
838
839
842
848
873
874
875
876
876
885
904
909
922
935
951
956
973
978
982
993
999
1017
1061
1114
1257
1302
1309
1379
1386
1386
1387
1467
1562
1604
1607
1671
1786
1787
1834
2221
2280
2302
2429
2578
2659
2699
2705
2763
2771
2856
2924
3003
3010
3057
3097
3157
3162
3223
3264
3268
3384
3387
3392
3398
3593
3692
3760
3850
3874
3893
3933
3948
3966
4010
4046
4063
4157
4483
4483
4489
4499
4540
4638
4662
4990
4996
5016
5045
5087
5212
5264
5286
5309
5344
5351
5372
5416
5432
5474
5492
5505
5531
5628
5661
5676
5713
5717
5739
5761
5783
5996
6047
6053
6143
6197
6304
6359
6384
6418
6568
6624
6659
6679
6684
6738
6796
6796
6848
6981
7049
7196
7267
7329
7401
7421
7429
7523
7555
7651
7752
7803
7834
8294
8463
8543
8580
8658
8698
8719
8769
8778
8836
8933
9029
9061
9127
9147
9226
9253
9291
9418
9437
9491
9546
9630
9671
9676
9681
9689
9730
9772
9779
9783
9897
9914
9930
10135
10443
11618
11700
12070
12720
12878
13232
13672
13855
15402
15704
16345
16653
16946
17746
18118
24588
24921
25663
27066
27811
29242
30094
31180
32181
32428
34357
35361
36658
37824
38190
38361
38679
38923
39741
39979
40839
41001
41169
42542
43345
44343
45841
45854
46650
47294
47309
47752
48872
49699
50721
51127
52400
54445
55681
56096
56245
56291
56456
57313
57689
57838
57841
58381
58616
60997
61128
61336
61513
61552
62288
62471
62990
63551
64363
64418
64488
64668
64751
66313
67079
67247
67763
67958
68456
70232
70668
71413
71932
72417
72841
73696
75139
76180
77193
77776
78170
79879
80413
81563
82427
82808
83339
83529
84063
84145
84505
84759
84981
85894
86150
86233
86590
87295
88204
88753
88857
89519
89877
91207
93087
93209
93356
93508
94375
94485
95532
97186
97610
98474
98745
98895
99340
101840
101931
103305
112582
120548
122989
126377
136020
146610
150059
154148
154515
159916
169011
176915
177770
183751
186925
194738
216498
218665
224066
224829
225684
230475
235053
251625
276223
285225
287270
293527
299264
307748
313364
343791
346140
350505
362773
362987
363048
366588
380169
382610
392529
397015
397015
398083
408581
422284
434888
447981
453749
463484
466078
467268
467421
467909
471907
500961
520889
522629
535081
537064
541703
542191
542527
545091
548875
553178
560808
566057
570482
575853
584063
585192
589617
591418
600512
602099
604846
604907
619769
633014
640522
647053
651875
653370
655842
661793
662862
671132
698629
706503
710196
715994
720542
736594
737083
752250
752983
756645
759239
768211
786492
795403
814416
820520
828882
839442
856013
871150
879665
880550
908963
912900
923032
932218
932462
945188
949217
949766
968657
976317
978118
数据规模为1000的数据进行归并排序,结果为0.0896ms
0
0
0
0
0
0
0
0
0
0
0
0
0
0
0
0
0
0
0
0
0
0
0
0
0
0
0
0
0
0
0
0
0
0
0
0
0
0
0
0
0
0
0
0
0
0
0
0
0
0
0
0
0
0
0
0
0
0
0
0
0
0
0
0
0
0
0
0
0
0
0
0
0
0
0
0
0
0
0
0
0
0
0
0
0
0
0
0
0
0
0
0
0
0
0
0
0
0
0
0
0
0
0
0
0
0
0
0
0
0
0
0
0
0
0
0
0
0
0
0
0
0
0
0
0
0
0
0
0
0
0
0
0
0
0
0
0
0
0
0
0
0
0
0
0
0
0
0
0
0
0
0
0
0
0
0
0
0
0
0
0
0
0
0
0
0
0
0
0
0
0
1
1
1
1
1
1
1
1
1
1
1
1
1
1
2
2
2
2
2
2
2
2
2
2
2
2
2
2
2
2
2
2
2
2
3
3
3
3
3
3
3
3
3
3
3
3
3
3
3
3
3
3
3
4
4
4
4
4
4
4
4
5
5
5
5
5
5
5
5
5
5
5
5
5
5
5
6
6
6
6
6
6
6
6
6
6
6
6
6
6
6
6
6
6
6
6
6
7
7
7
7
7
7
7
7
7
7
7
7
7
8
8
8
8
8
8
8
8
8
8
8
8
8
8
8
9
9
9
9
9
9
9
9
9
9
9
9
10
11
11
11
11
12
12
13
13
15
16
16
17
17
17
19
20
20
20
21
22
22
22
23
24
25
25
26
26
26
27
27
27
27
27
28
28
29
31
32
32
33
33
33
34
34
36
36
41
42
42
43
43
44
45
46
47
48
48
49
49
49
49
50
51
53
53
53
54
54
54
54
54
55
58
58
58
59
59
61
62
62
63
63
63
64
64
65
65
66
67
67
68
68
70
71
71
72
72
73
73
73
73
74
74
76
77
79
80
80
81
82
82
84
84
84
86
86
87
87
88
88
89
90
90
91
93
93
94
94
94
95
96
96
96
97
98
98
98
105
109
111
115
118
118
130
138
140
149
150
171
173
174
175
181
187
189
205
211
231
232
233
238
239
246
247
258
262
271
276
289
289
292
295
298
317
322
334
338
341
344
356
359
361
371
379
382
383
389
402
403
406
431
449
452
455
457
464
467
469
484
494
512
520
524
529
533
534
535
539
542
569
572
578
579
580
584
586
588
588
589
603
605
615
629
633
644
646
656
661
661
670
674
677
678
682
685
685
686
690
698
699
714
719
721
733
733
743
746
750
751
752
757
767
782
799
807
827
832
838
839
842
848
873
874
875
876
876
885
904
909
922
935
951
956
973
978
982
993
999
1017
1061
1114
1257
1302
1309
1379
1386
1386
1387
1467
1562
1604
1607
1671
1786
1787
1834
2221
2280
2302
2429
2578
2659
2699
2705
2763
2771
2856
2924
3003
3010
3057
3097
3157
3162
3223
3264
3268
3384
3387
3392
3398
3593
3692
3760
3850
3874
3893
3933
3948
3966
4010
4046
4063
4157
4483
4483
4489
4499
4540
4638
4662
4990
4996
5016
5045
5087
5212
5264
5286
5309
5344
5351
5372
5416
5432
5474
5492
5505
5531
5628
5661
5676
5713
5717
5739
5761
5783
5996
6047
6053
6143
6197
6304
6359
6384
6418
6568
6624
6659
6679
6684
6738
6796
6796
6848
6981
7049
7196
7267
7329
7401
7421
7429
7523
7555
7651
7752
7803
7834
8294
8463
8543
8580
8658
8698
8719
8769
8778
8836
8933
9029
9061
9127
9147
9226
9253
9291
9418
9437
9491
9546
9630
9671
9676
9681
9689
9730
9772
9779
9783
9897
9914
9930
10135
10443
11618
11700
12070
12720
12878
13232
13672
13855
15402
15704
16345
16653
16946
17746
18118
24588
24921
25663
27066
27811
29242
30094
31180
32181
32428
34357
35361
36658
37824
38190
38361
38679
38923
39741
39979
40839
41001
41169
42542
43345
44343
45841
45854
46650
47294
47309
47752
48872
49699
50721
51127
52400
54445
55681
56096
56245
56291
56456
57313
57689
57838
57841
58381
58616
60997
61128
61336
61513
61552
62288
62471
62990
63551
64363
64418
64488
64668
64751
66313
67079
67247
67763
67958
68456
70232
70668
71413
71932
72417
72841
73696
75139
76180
77193
77776
78170
79879
80413
81563
82427
82808
83339
83529
84063
84145
84505
84759
84981
85894
86150
86233
86590
87295
88204
88753
88857
89519
89877
91207
93087
93209
93356
93508
94375
94485
95532
97186
97610
98474
98745
98895
99340
101840
101931
103305
112582
120548
122989
126377
136020
146610
150059
154148
154515
159916
169011
176915
177770
183751
186925
194738
216498
218665
224066
224829
225684
230475
235053
251625
276223
285225
287270
293527
299264
307748
313364
343791
346140
350505
362773
362987
363048
366588
380169
382610
392529
397015
397015
398083
408581
422284
434888
447981
453749
463484
466078
467268
467421
467909
471907
500961
520889
522629
535081
537064
541703
542191
542527
545091
548875
553178
560808
566057
570482
575853
584063
585192
589617
591418
600512
602099
604846
604907
619769
633014
640522
647053
651875
653370
655842
661793
662862
671132
698629
706503
710196
715994
720542
736594
737083
752250
752983
756645
759239
768211
786492
795403
814416
820520
828882
839442
856013
871150
879665
880550
908963
912900
923032
932218
932462
945188
949217
949766
968657
976317
978118
