5031
8698
116031
14352
405
0
5
954435
0
0
64
0
45793
398
71
932523
0
9334
56459
12
35
71
256263
86
463
35767
6
718802
955656
156254
602649
561937
255
27
5
55864
7030
11288
6
470168
2514
0
0
910916
7
529
0
0
0
369365
0
689168
226
3
76830
587
1430
76625
88421
5824
0
579
0
956
96
0
7449
180
373
968
29
3
6
67
11
0
5
0
7
494
72
312
142
9
0
316
724
976
8
644
69
0
0
26816
289
12
88854
65
0
91607
59
383
31196
0
5
33164
6
14
52345
5
6890
7367
2
764183
19217
51
82906
3
4
22324
2
29
756
4271
848
2
9
0
99
6
973326
1747
0
42112
7093
0
152
0
50978
0
38941
3
64
58
145115
22
0
592
910336
53392
78911
0
632496
854091
19705
47
0
0
46
644
269
3340
0
86446
8
6470
5
634
51310
99642
8
4310
0
710
0
0
61
70
40
4945
91018
596728
0
6
73351
93868
663
1500
61
6
0
6
0
97314
9
393261
75811
125339
4543
0
26367
46510
9791
2451
0
367839
37168
955
2
0
9
0
7
8816
910
31830
7
0
299
736
788537
48313
77
89
288
31543
4351
66
89919
4
46
4164
414
4874
28412
493
0
4
214270
0
1
200170
703451
8989
8
2030
2186
703
5
7026
0
16
0
8276
9
85
252540
61
79
101
9559
5
16
9
544
0
6
87670
871
79
28949
385
8777
0
747459
217
15
875514
2707
301004
1586
1358
14838
27
981
61748
849543
6
0
617755
777581
596
10
21
649067
35328
2
510666
4
26047
16
437726
30243
0
0
2
2431
0
0
71
577562
8026
46
605
1
292519
5935
291
50
8877
39
58
66188
564073
1
351
4
868892
0
76543
691091
23
983
1255
45
63551
968
0
707
0
0
0
96
51237
6572
23960
88372
354472
115
7905
337290
66209
802423
0
211706
0
858
0
764
2
0
0
6327
33
5722
0
4618
370
226
935
15964
3921
933
64
0
568
4
0
0
24335
0
552690
31
56831
40891
8946
6946
0
3
0
58107
59794
6655
0
2148
582537
8
88482
0
4
3971
555
115665
1
2301
8641
82631
7180
166
0
64625
24240
58
517929
0
702139
0
247
878170
8802
5579
95355
4491
0
904385
525803
83
0
308114
8351
332987
28
0
20468
59
3063
8
508
45231
932981
454268
89281
0
0
1245
1
991027
65919
17471
5677
0
0
258796
771019
0
895504
0
70113
371410
1880
55314
58510
1107
6599
0
38
11114
230414
675
0
48
683614
57838
4
576677
203741
7717
0
108432
5
556
606646
9
76
0
920926
343
7
5866
54899
230
10776
0
0
5566
9
5
95
685811
59
0
0
24
94
2
30
64
23
5723
5
18
926023
58641
61641
8086
13
23166
467726
50737
5272
5027
94
301
3
7
742118
875820
0
8282
841
83510
0
2
62
0
17471
0
58
8
504104
75
0
673
927182
0
0
0
840205
3512
9
8
957
28
27
0
3
8
2
0
8
0
0
57
0
32
10666
807214
0
0
0
0
80193
32914
0
530411
13437
53
563
171117
27866
6
509
66
2
91665
39
145115
23
186590
8
45
153782
61
0
428
5
0
5839
75
95699
66908
4384
50
0
882992
18247
2
64
67577
4
677
3
226
6
3
15
88705
70
20371
0
0
461806
0
5
3485
8
0
8
70006
8
766258
9465
219
75869
810
108859
7
87371
670613
49
910
9
2581
501
8289
412
63988
8
18149
6
4
203039
12
48866
48680
9907
29
707
30701
307901
33762
282784
0
0
0
122
7
1843
58565
283
3635
449659
98
0
6798
60158
0
410
6928
0
286355
0
57
85
864894
1413
7484
95425
5662
654
3
0
67
6
76
4
7282
0
604
41889
3321
8515
2
43
0
17255
21036
72389
23462
0
638
8337
18793
9
137211
0
0
10
61391
24
7
1
783
0
635
2
921079
4
5432
0
789635
95553
57387
5
770714
111545
284
3
617328
821863
885158
8222
8
5
37256
7
676
0
36
582384
0
19965
0
18
447950
2
0
908
4506
0
0
141
0
0
359
71
895
65095
50
88006
1683
25
232490
86
58
7
8
1
56669
3
21790
24
476
673
92
279580
8
0
624195
9627
1860
7
333964
39
668813
4082
238
0
7
3946
12
4654
630
2
450
3
38636
283120
36
44
0
17011
380
30
383
0
5
4224
94
4
999084
21332
4572
416
2
72
60399
110
258613
9
260
695
5
0
2
0
21
4
8
494644
988
570482
472
9
14
42435
0
4
6
11
30
622
6
97
9442
3103
8591
241248
55
38
0
4
911862
64
5
0
8612
2
6
610736
9
631
16830
8
7
67
3
8
1
144
19638
37180
933957
64
1294
62410
42765
0
867
5823
17835
0
419721
189
98239
0
49
6
664021
53
56733
0
454
20
56
0
9957
93
1834
14963
9693
13
8
682180
0
130
0
789
0
3280
5204
87231
0
30
1
168
92
88717
327677
7307
4
2
6
19104
29438
653
6590
0
5
42054
55302
62984
0
0
70088
0
5703
2
4262
97170
0
0
0
73809
4752
22
233
0
7
32
366130
787
0
15781
68
8899
92989
6174
4423
2
0
159398
0
9
8812
70140
384289
0
1109
61
634174
922574
40
64021
208471
0
938657
411664
19
0
0
627
4723
594775
53434
831415
0
12
930
820856
0
171544
62
6851
4877
272591
90887
4
0
47944
98989
4334
2
456
82
150
215887
2
6
312082
0
407605
57
2691
756
40397
87
4
958464
7
386
0
51615
626117
455
0
150578
314
9094
50804
170
40
0
34
2
88897
0
8
813
560
708
98
470198
71
5011
521
0
96
258
944029
399975
442
541886
32
0
38361
1760
73018
50
2548
0
17
9951
0
3331
508
81637
3
52772
0
0
9988
799310
21869
3819
46
0
0
0
536
966
69951
7766
154606
97
0
0
28525
6
815
861323
78
239020
32267
90090
867061
0
58
5
2
97
5
2
64809
5
0
37
575334
439
0
3
8638
761
63
262337
488387
0
946378
19
743766
341
8
0
0
11511
2847
566
6
7
72
2
21
7594
0
15
1349
107669
0
4
4
245765
708029
1656
20
912
14975
5
5081
50205
6
810571
2
7147
779564
24
0
9660
91
0
47941
0
59550
9153
385
7104
42
3
586
1099
59
0
0
56730
0
7
0
18500
160954
7
7
25
0
0
3
0
22400
3724
3004
4
546
6074
39
353373
3502
901
523
1
413
935911
62923
701
8850
0
372
35877
44135
4
41300
8480
73
6115
363
60
49
8
0
0
18
6902
7965
9128
38
89519
89324
0
648274
66997
94
932
2315
4
390514
2
15210
63
0
7
0
119357
291
668660
796
271
0
63
0
6
73259
62
2
99
394940
918
0
9399
9680
31159
6477
7
4681
36
0
3908
4971
7202
1
7
59016
6
538132
0
188
0
737
409497
23560
9256
0
5714
4032
9
30607
5
93
71977
47053
56
1
52674
0
2
403515
28290
7479
22
76143
0
0
0
658
60365
8995
2
8542
353373
8042
0
151860
5
9
1321
0
0
0
268
89
0
0
66
363292
0
883
57
56
1861
88781
2
75441
305673
12607
6991
67403
82570
76
950224
54203
25257
4057
3
64
1
5051
978
5415
7484
400
3331
951658
275
973
92
187597
517
93685
1
27
401
743
7739
0
9797
11
9
576189
79308
22699
52705
33
379802
449
93
266
6
80
953
26
908047
95858
58107
30567
44456
92
45808
5990
0
324137
97
335
76
2
467055
41660
0
0
19623
8044
460
88448
0
4903
0
344920
719412
9
782525
2053
9237
8865
270
73555
31
64302
476973
3120
87484
9
204
7
385
68941
92925
98236
5868
15442
303
0
961
29
2
0
41
754
8
999023
85552
688253
5
0
376
3954
22
26425
323
15
8
4717
2
69
66618
23435
666
0
234
8079
869
0
7379
6698
1178
496
218024
66
0
48
305246
0
1266
11239
5999
0
298165
60
675801
577
9152
5254
7
0
0
0
729819
573
7
30
5066
2316
55149
57835
44740
31
893276
340
71755
4800
2
12
0
71
3
9315
0
779747
174
0
3
209784
0
0
0
0
3723
654408
4130
88009
3930
9
76723
22
3
18
8661
0
0
26
7377
872
766655
23255
30
9772
58561
20996
197576
82
99
4
1
0
5
114535
362
5604
99
53047
233527
811
0
506485
7744
256
5585
946
3447
166539
140537
21784
733848
936918
379
1
9155
0
8490
51
4
58
23773
4727
37
0
6
21
4
0
0
5053
20874
52693
0
813653
929
2988
856
9890
12
8327
21015
6
6607
27
42432
0
1
442609
828913
9029
216
27970
897000
33933
696
8462
561
926
0
0
155
0
85628
68379
98
1788
37318
822
498
273751
34
8708
142
44
97369
9
7
77
7
7233
6989
94
64
6264
0
4488
473
0
0
451216
16
73335
87
259224
1
44053
3
416
434369
797601
22186
427259
649464
0
9
0
627
625
7592
53
935
120
1
0
0
84774
902
6780
0
0
3850
475
0
340
36167
542
73873
455
6433
8411
94
69
2
576525
0
695
288674
542374
7766
3393
27
94
5593
542619
30512
7491
246
6
721
40409
450209
54136
40
187932
0
149143
736
93176
508
88
15
2670
23068
48
35639
348521
58592
54
100833
20
2789
7
66
69447
8547
39
888
13
0
2967
0
503
935758
329935
396
0
0
0
607
929
21423
3
8
0
12
640339
740
8702
1831
90594
97076
20508
686
0
79189
9
589
59346
0
4
8
4
923490
354
44273
70232
15
936
605883
27
87
5384
294
1304
16
881008
95959
129
15
0
7303
55
0
0
0
27088
228
0
299
0
4868
71
2024
3924
77913
83211
86
6
9
8
198
777
78
2595
8451
0
51
19782
561
423566
8232
1703
94
767937
57
3
44065
16
21
7
945005
1
34873
5
155919
0
9
31461
591
8
68
2111
215277
20752
0
95126
6912
0
0
0
261604
493
49479
70
251
338755
91
0
1974
9
73296
837
6016
8100
31763
940
3
9
4
6
51826
15411
54
0
397
40678
7842
5470
350291
823
48
923551
8
81
4
0
1
54
504
186773
980
14911
4
18829
767571
45240
5674
52659
74575
4
7
3010
0
19363
3
5288
270
0
807
61
0
74983
47303
4
77
344553
27991
1
261909
176091
0
3980
746
932
682
34
710287
47694
0
34507
421
5862
747
0
0
98
464
3648
412
99
495498
0
6
84990
688802
70165
753
566667
3661
85262
0
5
1
9
9
0
3
3197
197424
7
1048
960875
2
11014
5
0
91979
55
0
404
4133
0
959
120
881160
3067
0
45
14
44749
39
176671
2
328989
77764
1504
541489
55
762688
3505
49659
805
24018
0
38
2
61696
98
5692
44376
134342
0
59
31354
80
573
967
1
28
4
790826
457
607
2660
895016
0
0
0
982
0
8
19
0
42527
3516
34205
398693
0
9
41
38068
681691
8100
354777
2832
54622
1
62038
95
3
0
282448
1
5681
735
747
341
0
0
1
22
73
0
0
1011
603
113
7364
9401
5
9315
48
24686
0
0
14
6911
0
617542
311
0
8
0
477
6
24942
16052
7484
725486
43641
862
195
0
58140
762
8268
441
0
698
1
7430
7285
15890
57
56
338511
0
894
5211
3885
29
0
20349
617
5380
4474
13702
4722
1
895382
69
0
0
7792
435
227973
8760
0
0
50798
781517
754
387
0
58
5594
21
323862
28
2960
978392
1897
809
5858
0
0
528
506
0
707235
48277
31543
38
147
1
796563
814844
770104
6488
23361
53
6370
53599
775
95
19129
0
819
5991
2
0
538712
7
0
0
6729
7
2
215430
46946
790887
9
6
635
435
3374
248
686849
0
8
69063
919
32755
41380
6
91
0
4
45741
231421
609759
274391
551
311502
0
280343
276314
89
2142
88753
521
65
3
59
898098
98
9994
4968
553
0
894
0
0
4301
0
746543
254
323496
6
7772
0
17
637928
0
963805
8039
66380
7
9
2
783318
49
8717
8
0
69283
98983
98
7148
40897
14825
344126
5706
22672
1
1693
2306
433
66591
1
482253
4806
44993
51539
576
9
12842
70
0
160191
90
25
56
708
1890
4
50
6
1526
76
724
3
5822
490035
604
308
0
432
3787
2
24
64
53
251
143
6417
81
147831
8
2056
849
822
25251
89
3
6855
0
1
0
540
1230
9
670
1
0
266701
64
26343
2
9273
51
0
464
288
41080
311929
44
4269
2
52452
4091
0
3
594
596819
68
0
84
9
3
0
7
13715
680532
6949
993682
662
0
584337
188
0
25
405
301
898403
498
18
0
8556
247
2
58265
62
2593
9662
82
527
61796
0
6469
683
83437
186
23438
93145
56
4414
74871
9
0
3759
67
8535
666
3198
0
2
3
4
680
347
9
7822
355388
7841
0
8
350
0
19742
802728
2
1087
9
56
5
742179
742301
5227
672505
0
0
0
83
654560
91
24
27719
604
0
269417
93
4
0
159
375
6914
0
65
52458
245124
42646
971678
89812
62044
441022
47
539567
0
833246
1
54
545
9
0
2
7
250007
78713
93
724753
6991
0
35
0
0
303
67763
0
31
0
191
7
8
769
568193
142
68
7587
785760
858
96682
936
6590
0
99
91817
8
100
42
3
40684
754
8370
4199
66548
70
9291
6045
793
4399
38520
553392
69
72
3
21524
451
0
482863
742667
22
1363
0
9
788293
2
78
67
710
0
6935
0
1122
3680
867854
4
0
3
8343
9
75
37
37
5
884304
904324
5
8250
20599
0
14062
2565
31
0
3
489394
0
116275
27921
553209
4639
246681
805230
5994
0
739
35615
28
3517
614215
35279
752
1
0
4
3
10
3
377
0
99020
508896
47556
63
4
314
392
0
734550
2
0
51
857
0
0
270271
34516
5
366313
0
665944
33356
661641
0
0
3
4010
7
19458
723
38
1085
462
0
80211
6
0
186468
966
8
6
307443
651
21149
98
0
6
837061
18909
94839
0
49116
7
43000
3
7436
5
539841
0
0
5
0
5
31739
7
24179
934
0
0
72
717703
50300
652
1926
905819
1763
445
665
223212
0
89562
63451
71016
490
8
728
0
0
0
37720
8946
93
8878
51
3
76110
602252
22632
187841
713919
2
17978
773
160
121
50288
6249
962675
33
20368
23004
22
37293
0
672719
693
640888
8
857
7
4
0
3546
929136
0
7
877712
0
8676
6
375957
8290
0
2
759
4654
8
286782
24
8
0
959929
3405
0
29
38819
41496
0
37
4751
9508
1200
0
742759
3
74382
7297
77
540
9
891933
5506
81350
954
13
24671
804925
560380
9
9323
7
0
267983
0
0
9
77272
6046
0
52
7
8
0
81
0
47
148533
8215
383
258
37
17
17
23
31488
0
345
8
5
87923
0
97112
4
53
9
7
380443
0
1
1
99642
818
4
0
693
710837
956144
885
3612
149
4
7970
87624
7
59
0
0
575
3621
27793
77547
0
50535
469
43
828
559
650593
3
374
654
83281
4
0
9
32
5953
1
54063
0
203772
0
383
5059
52461
61738
31287
0
267
195074
86764
0
59
51109
894253
63
727
8
51576
89257
35
3
1084
342753
970122
5508
616168
5831
0
137394
8
857
365520
7
921750
9963
40
339243
98245
98764
8
6
679
1640
6
191900
91
0
3
346
97
65
266640
73564
282753
84
776
0
8
72
8473
9
281350
0
35981
2737
4463
379680
93
919
7635
212
7484
0
109
580980
347361
87
3559
6
58604
0
5265
31
2
4071
585283
236
8
5
845
72
450849
5
0
0
0
30
8031
267281
0
87
31
881527
286019
4126
0
795
40800
70
495
140
843
27
2726
7
181
15048
92425
42
0
22
3224
8
3753
2
505
534714
160863
5
3
0
0
22251
0
4
27423
853755
869
5443
4
0
117557
0
52
73622
0
22128
191
2331
0
577
156682
3564
502334
78
4977
605
819
848048
4
339671
895626
50056
97
4
85872
0
27
945982
639576
0
4970
0
50
21649
5575
19
225012
700
7284
0
844172
80477
31
9917
105563
3067
194
2834
47
78
9399
25
8227
5
3526
6685
66832
2902
360
1
130
8
2793
991027
444
0
0
0
1226
0
775
986
0
39
400860
710745
3528
6
344065
838
51719
64
649
529
96
58677
0
0
88058
9732
587023
904
0
8579
8894
0
216
640
96649
43
595
0
957426
69280
30
526
97
5
96
278328
321
117
46
23
351023
884151
66740
0
925382
3975
653
21
5221
0
660
10599
0
0
603
918
717
61812
2392
0
9
80
952
8695
99
220
1
1
0
0
36
84057
887112
51789
77632
41
74
4747
645
9
48
9
13
69765
6
719
8896
0
5860
62477
14
0
850428
0
5819
598
3433
6
666341
0
771
9
0
2676
0
136
637
95107
7
550
0
595
2
22626
0
48558
456038
55919
858
34
10895
40
9
7
8674
83
60
387
769
52
0
3
0
7298
62
81398
7217
94
95797
0
46
142185
419
0
0
65675
381
58967
64
6850
0
0
9318
4170
65
1
0
789452
9311
41117
94119
86
975
0
5601
0
550
27835
8991
647053
0
31
0
267616
182
810998
13
5
58
1184
800256
73
476
100
788
6129
9
567125
80245
2195
96
342
9
0
0
0
0
1
5
9596
669
4
68889
869258
0
0
4685
729911
3299
73268
30
308
0
865
0
908627
51945
448
872
81453
0
897183
621
354991
2
0
0
59
702688
0
177
0
2215
5719
14
6512
2
68980
9288
25489
61
53831
511123
0
2
70516
7
569322
5
87
0
283
784966
89
302
12
81
0
2655
939085
36622
0
440
66826
245460
67470
321207
2
7
52
574
30976
317
0
675252
1160
8
40122
350993
631488
864558
3
5
83
7364
5
9178
820
8838
0
0
47
21497
54
880733
793206
93041
726
95
847
99
95
0
31833
0
8353
767662
0
0
596
86
14392
857325
0
0
834
830591
59
8767
1
7553
62251
30512
1795
1
515
532059
330362
9658
259987
7583
983
4122
0
4521
204
7018
48
2590
903
9489
4
0
6555
48
791
51670
0
0
93469
0
0
2599
54
203
0
11270
63
9273
7855
54121
1379
80477
794457
367
21161
53468
391949
51
0
1200
4434
4370
5538
1
215
180425
15277
633533
0
9
863673
9
7272
4622
0
0
567888
0
7927
99
3
0
84
7
890682
3713
5
9
80
99
4
82146
561967
48
0
150
371
8
3843
474
607989
9
14566
3935
88024
926755
61
59
7208
41
3
5
9
0
0
1604
0
0
592
761
86
96102
9
3339
99584
91393
71
0
17322
5
441267
0
99
1
4821
80
0
717
0
0
0
0
312
4
7
901608
738
109622
88
678640
8
7
50093
7
31
128177
9813
4
5470
50
0
6
77874
20886
138218
260
33896
1
2
39982
995178
430
87588
126
95657
11181
65828
5
503433
959
5056
0
240
9
132145
0
97
0
25
7047
0
0
40919
98
0
794640
3
50257
0
693197
325083
3
944
0
0
77071
2142
724
94409
1482
58
5
857142
34
0
1273
68
38694
733
944853
0
825159
9
0
4409
13226
615
486861
61906
65
6552
483
0
194830
3384
4
90536
2
47776
78096
7338
0
195
0
5075
0
0
38
5
4223
9110
4
1
0
230
669209
0
49153
52
881282
18
95
0
8816
9820
93
0
4
526
5
0
31
32651
0
162
8
69
400677
0
4
744
51179
3416
369
6659
0
33262
8585
575884
0
53
0
941
17374
23511
79
64
827448
28
462355
69
8701
0
855
520
3169
2
77620
90
760826
90
3
600543
0
3
800
4544
110
85
261
2
9454
60
0
0
552
4803
63
41688
931
49
9389
412
21579
729178
44035
615619
77
12176
8135
29779
846
14
80977
72
6109
0
170354
7124
936613
95379
1615
0
71724
1
0
9
845973
2
3115
4493
813
467
1
150
0
9
601
409
1
921658
32547
9
0
1971
22
5
749443
9
1
17
7566
257
3415
689
30
22
8
0
305337
7
226874
0
537125
0
4493
89
8
623
37
2019
19098
0
15
547563
7034
58
617511
0
1
692
11
82644
6
9
0
999
80
185522
23572
671376
68288
74
2
5057
0
0
0
1
467574
0
2834
791
231
588854
656
131
978270
321756
0
922055
0
33
12237
16
3
5
0
94
64336
259
0
83
0
0
0
0
2694
28540
0
87
5
0
0
476
0
256
666341
337748
0
926755
90395
95
794
715720
6
667
9490
35
0
69154
7696
197637
342
8
70
96
384
20896
9
12274
0
579
5
90551
168034
559
3
9210
0
0
73
41694
784
4272
6
157139
58
317
13
92571
2612
426
620380
655
79
0
343
183
96722
80
64403
6258
3
0
207586
38758
70671
8290
794
7
10467
5590
0
3099
4
5
91015
49189
473708
3
7071
418
0
5651
13510
855159
82039
45
913296
0
71
0
45
0
4
340891
0
301248
520554
594
774925
55873
0
29709
93264
0
378093
2
13
0
26
51869
0
476
162
0
0
75115
0
242805
660756
68
64961
331
17
0
329
8
88
5391
0
65095
15839
4423
238532
10
8948
874
94332
87817
0
0
4279
0
987487
2421
0
8
414380
7987
435224
3
33
0
6851
118
6005
43037
7
319986
11
49
60
7974
70693
1
99301
8484
60023
0
0
964903
50126
6
9
6
32828
35
0
6501
0
95
7
0
197180
0
0
98
382
3972
0
669
600512
0
44526
33
53755
8646
8
85
550981
7616
156
405
7674
0
251533
6
805505
9
2928
0
0
668965
9
41398
99005
0
185
1
86519
43021
0
40
724
62
691
0
0
313
10
530228
0
9
3189
6245
675710
61
0
63328
46021
71373
34
17047
54
9017
72
6
968626
95339
9
15
7
1
0
5
3
84
0
2647
87530
0
65
7
6961
11
0
0
0
743766
71004
9
17
7
0
5162
7
106
0
56208
884
4
480
30326
1
514
84
495254
8
83
41901
75930
261
7116
82
5
0
31
197
59117
1759
57371
29
32
82
6819
0
484237
2438
238
7
630
990
99252
1
22736
8771
226
310
31
1912
75896
7117
8
54
57
0
5670
345
64577
7297
6866
89690
0
56907
97
117
6
5247
62
8907
751945
757
676
0
23
0
100
9
32517
14
472609
634540
25
922
0
9149
97790
92492
956
55
0
7018
25547
0
165
51
636188
680
40
8
9
1
602
6
61647
279
0
99212
5
197332
3
565691
948
0
222663
7
4426
6
1
409
303
515640
76
771
221320
35270
8
59
54
64
966643
2273
1094
9
24591
5
64751
465
5
514
887966
2
5
2
0
964
44
0
0
1
0
16
7183
2380
2
9814
0
216
0
783
44
62898
0
4040
54
80358
636
11
7
0
0
80910
6
0
239692
0
305764
104953
6159
631
4
941221
31
1
0
2212
0
0
5
42
83
55
56
76
70805
6752
365550
5
0
359
36
18247
468
78490
5682
6561
68465
76
6
0
3
3
451124
5
0
3
700521
467
0
6518
23
78798
818
0
65239
6
6
82418
0
0
9
0
721
7
425763
8
0
0
416
0
2797
22193
79500
74987
309
0
895504
52
98995
4
0
6956
0
6
81722
2056
9
508774
0
1340
7822
1531
3
87
7228
2048
2
91216
0
533
51509
24
651
4522
256
4
84
0
391
1238
7
2
0
62
3406
0
0
5
0
865199
4992
387981
4
3619
2
83129
7312
89
144199
3799
3
6
5607
8374
7
46
75389
32
35306
0
0
9
7
302468
72402
108
89297
4720
67
3
52189
8814
147679
869
750
265
2
883
6
0
9401
161
100
435102
6
5
95065
64
96407
61
0
73714
0
0
8
6195
1
29
701864
61
7012
5447
0
18445
64278
3611
62532
30469
15
62691
71498
40754
884060
665211
8
99
31345
6483
640034
854304
7797
63
99069
91427
9524
2
90108
7092
0
0
1
4811
58473
669
23
90
12
1467
65981
417554
5197
0
912961
0
7434
79
75
8
68062
8
882
48
59340
5
21686
0
75
83535
8
573
6899
91329
0
895046
0
6
0
6
24326
9277
90240
440
2
6
5634
261
785
0
540
1504
0
2621
8075
40
29764
9290
6130
40
71
669
41731
714346
330
163
46
16
0
967
955
58
133793
23
901913
0
0
4
0
2601
779045
89
35
376720
0
0
902859
98867
2
219183
978
59
68
0
64275
133610
74309
75
767265
1136
93926
6670
224
3034
44129
597
0
0
25
917905
1
475661
9904
563188
883
62
20627
444471
1
1
0
48185
0
830805
0
264870
16147
33
0
33
55656
47273
93
1100
58
94
308
3
8
89938
90
5488
342
0
187
2996
29212
4476
12311
11310
0
1
1
2501
0
3092
960
42
0
31543
4543
77608
25269
78310
91802
0
75893
0
3
0
43034
9
75820
944486
4166
653
63820
7
256
9
627643
0
57060
33204
3
55732
37
716
18
5
0
58
0
630
779503
63
71510
0
997009
999572
791
8
945
26
0
200
0
4
10
694
0
0
79982
70876
20
64
41828
936552
6033
0
2336
83407
9
13461
9643
1
5
4
657
36017
30
16714
192571
65962
462
0
4
91
2027
0
86986
6688
5
5667
0
577196
9
0
21030
4210
295083
5
317941
778221
89614
47563
3
3
520
4480
57506
652
96743
76412
7
990478
52903
723624
0
0
13788
62
68611
5
72692
3677
967
28
274
0
1
543961
248603
9038
14
1016
0
0
4137
0
8218
5
79812
58
931089
417
2
6
19428
0
857997
5879
41
4
0
0
6
7
62340
0
17
4
102
338572
7
0
907
62
667
30121
0
6321
1699
396
15
62
7701
2
245
963
7080
80
0
24256
8987
2
5
10
0
0
26715
613391
13
995
48860
338
6
81
322
968321
35
7476
9
62
207
652
9
74929
35026
90063
216
6
16296
0
7
7
947
24
64738
107
4610
9565
0
17142
1
0
190
57
0
2
59086
0
0
261
594
8
118686
80
100375
423047
9078
484542
49787
714
0
152
7930
16418
422
2505
36390
642689
18671
76302
339
45362
685506
0
601
0
157475
48
418
0
3
572618
69
0
3
2817
84578
6188
0
63258
0
94711
3
0
69
12
68
493087
4
1150
0
73198
427
6806
0
89
6143
3
902
1377
9
0
47322
184087
7
2
75731
387401
4
80
40
4716
62
581377
0
87
902
70708
60
7240
74
43
0
427
823999
57
8
0
62102
548814
20236
42790
7
41322
5660
9
8
281655
0
939
0
9
307992
62886
534
757
4935
83
0
513
525
19534
4479
30
24036
915
10901
352
87
9
51
70711
0
411
8
71300
2881
0
0
163182
4763
2532
6
54
13
2309
0
7584
717123
0
54
6368
3
65
3460
0
79653
758
3
738
0
515
6871
4967
16168
1670
91842
68742
75
3378
0
977
113162
1
186
53621
0
905056
37195
367
9
5087
3
67357
3
36
0
3665
994
0
164
0
4
3673
0
86
91
0
61622
8103
0
16
51850
743491
0
92150
5
40260
125
77803
433
8
6
6
369365
719107
479232
71260
302
816
9247
270424
59529
7
3606
0
940
69377
42612
2
6
4274
8431
309
67
0
56038
405
0
1152
290
476821
413
0
1
620
421
3691
6
0
3966
0
513
5680
23
244
250343
46662
306
312
98232
0
84749
38441
19550
26
3
3
718
907
3
14
91
12
62346
17661
493
5007
0
0
9617
0
75
941
0
47929
1629
265
563
12
52
40565
3
0
7656
0
7
0
711569
0
564
243781
94
4
40
3
31
50630
151860
68
84
365
54097
181035
6530
603
18
68666
9
99
287087
4110
4
8
9367
1163
8
20081
0
1090
13098
10
2
727
67427
5
7
29
637043
94891
5
10
10
4
0
3898
0
0
20349
900692
0
1590
0
1
572
0
4
296456
46
2516
0
5080
0
67772
5
17
8
34208
638
569
0
6
0
216528
0
428
681
0
6183
66780
4
39
98117
9734
40
36628
692
0
172
0
555
2520
0
72664
85
413
969939
896877
24445
34638
35
0
22
450
22403
94457
30
537
4
32740
0
386425
9662
50233
0
16037
2
3277
2
4362
956
36
852
8
4
76
0
467
80675
71108
0
5211
62773
121
2
12088
0
0
88631
0
37
60
4
94033
0
0
93871
94067
50
3
0
4
8127
1
8
0
0
13
7196
0
950773
9
6612
3
68321
0
0
9480
9240
5214
236121
88561
2
804
51561
23764
36027
44
28
3491
5756
75832
641
2
347
79906
52369
63
101
818
0
66
0
370
824762
0
2
32
6154
7153
71608
74922
30
81
510
81
238135
686
0
45536
47331
6
47199
7
79601
8
0
0
342
7
579
0
85
6
3558
0
5
2
0
0
685
7061
3
0
55073
214728
96038
837336
368358
1954
77617
59642
59
5482
68
0
94106
713
996
1
2
332
0
6
50
5
0
669
21
8388
4289
3
378673
703
9284
7
9256
0
979827
1292
173863
17
2393
93127
225
90
19
0
9
914273
477
6
706
2
81218
3
409558
53712
5757
65630
59
9263
9916
47
8389
990722
9
963
885
2900
0
0
0
52
6
2429
0
4660
492
83437
2
9838
2
84
16104
7144
3323
36643
5
3418
613299
12137
0
50
0
9
0
35
1371
343
3
6
67
241
3809
663
5
9
836
4
563
2
743278
955
746330
39
57
7148
2630
2112
519
56
0
37
397
0
7
976775
129367
6744
4980
859
0
877346
569505
0
8
49339
23
24283
4
0
89489
216132
7749
36
631916
48985
0
549
71
89318
263
35444
1
24
97329
53981
9309
0
74
923429
7330
951
32792
5
48094
513473
15
4245
3
0
94573
0
4719
499
0
23
250
816
57695
63447
301278
0
325
8
0
28748
6066
43024
78209
0
69
202
73
560
17954
7
26
42341
69569
36
613
7676
0
5774
78
5145
590227
11
0
5
0
6
0
276009
7218
8
0
550
0
6
0
566
62886
686422
0
12
391735
80
29
61
17194
722
0
61
194830
42939
0
1
65895
2
379161
0
3
0
817438
4808
97009
8373
3
12
0
8
0
728
682699
659
394
580
4195
649922
4
83361
19650
40
47105
1144
63438
30
0
74526
85854
5084
9
0
1276
641285
47053
5305
87893
54902
52696
5
65157
74929
258
50120
0
905
6
37
2181
0
3143
3
36988
82
1705
3
2240
417
4664
2
0
5902
52
74501
576
3313
0
0
59291
14770
416302
1
815118
97
179
121
226
706869
41746
436
2
36
909
8772
46
880
0
7987
0
494
0
923856
720
80660
7874
7
415
42
623
672
502
2740
12265
7822
686
0
45878
88799
50224
8
7497
214
447
20484
49
0
7359
989
6
61616
6741
7
3
748496
668019
19074
76
28498
85
78197
84600
0
334
9
56984
699209
954
0
33256
2
4700
608
1944
6440
28
6574
63
569933
0
5
606006
0
1
9186
0
659
316
2758
0
54945
0
733
0
7
10
7
18
7386
3
59
537247
74217
772
775231
8003
16553
721243
320
671
72710
409
489333
3653
0
185
20
0
753257
5591
95
42515
5
828
131168
139683
0
336
9
881
214972
0
6
3091
47447
55299
630298
1
0
199
28
47
0
84307
1
11255
242
7
34119
0
18
7878
18
5832
51469
2
31949
93
68
0
7781
9
942
3
915219
38465
794
4
9568
0
74
0
15814
4120
4227
1
5884
5
0
3
541
26242
244972
895474
568987
962
0
151
1445
4
69963
738
9
7433
23
211615
76
0
684133
61
0
5
1749
61507
2499
33600
96511
24195
5705
0
33
28199
5276
642658
303353
27
7900
0
4
14236
9521
8718
57
445
594
251
91
2609
193456
891
915433
68
657155
312967
4
962
48466
610
806
24240
55
519882
2
9
52156
104
23
8176
877986
0
39503
4
58781
0
820368
6
0
54451
27
32862
68007
29581
0
0
0
0
5297
175
0
9
6988
9
4
956
224158
49980
2
13504
4298
9173
3
9118
994
8
39
18
426404
461745
4742
0
0
74465
0
94885
0
0
14175
55619
83
2110
0
1
894
6831
645496
75
0
49
914
7
75185
4
287697
1
0
3
0
825922
89880
30
52110
0
8579
3
20172
87069
0
2467
7
6
2
522
87755
65
1
158
0
0
3306
21
0
3455
5
0
17584
62755
54
9207
0
768303
2395
22959
683431
0
1974
4420
67
4468
14587
36
6
31
373760
661
66548
946
7009
6610
0
60570
0
6
0
9985
798242
982024
0
6
0
59
826
0
950529
7519
0
0
489
8
926
26450
4
0
232917
0
0
29
0
8
3
9577
7
51387
8
48692
3
16
77
2339
48
8
645710
1
788
5
33722
0
48
9
5486
99395
4
0
57
888
526
969603
6
16830
5
86
24
3
2851
47437
77
8
0
83126
3
50547
4
801
68453
7
1528
0
0
16122
945554
49
0
60
118564
718680
7
48
8405
5
13892
0
340
71
231849
0
6
661091
3
5374
22
48374
2
189
55842
0
8241
46266
2653
0
8247
583391
1519
139
7256
4080
171361
0
5586
0
957945
9210
0
0
0
803247
53
79
362
0
67424
419782
22
0
55
0
777581
1372
6021
357
971709
922
3631
6
76494
96
97
13
449
34025
14242
560686
16
0
242347
6
0
9963
9
940
20688
908
3
81
71407
0
352305
86278
662526
6
592028
340
61751
21
0
45057
9426
0
24414
22330
0
4921
1
23255
2
556
19043
0
2
0
594317
22269
632
8164
296
29
92
72157
29670
0
2
4669
483
0
0
20276
1016
0
343241
32
855
0
63
19806
62
0
4633
440260
822046
5
53
63637
35
4050
547715
64
225867
95571
561
18204
7652
395764
62
947
465
644
6104
577
459303
6321
0
206
619
182103
7979
659
2786
51
0
2665
5
362
0
3060
435071
0
3606
7
154
364
8586
5
6
528458
0
0
22
87
14
0
2
57222
946165
0
852
215308
0
6480
20
3229
98
58
39353
4
451
523911
0
39
9794
265266
645
60463
0
34
2
0
2
34470
9
596789
0
853694
33420
26865
96481
0
3679
55
0
721213
4
53
395
44
712
0
7
65129
7330
5270
81
9
763573
25678
803
515
5
48905
736594
8
3
0
3
47
0
2
83922
2811
48
396
8837
11551
9079
2
67232
38847
472
9860
0
5
6
98
7
15622
0
40089
39179
5655
919095
6
8
250
589037
0
5810
74050
26
50
72759
189
0
991
68294
5673
0
23
80
472
11346
805
5553
5
0
68010
25379
0
640339
616992
519119
4
1
16049
28894
0
36
26
4830
253
57502
571672
288125
66368
2
2
68575
0
73860
5066
901
2440
5
7
7
6
497726
3
0
0
2752
98519
0
74
6913
5567
0
54658
871242
12451
9006
128666
277382
46919
6790
1
4
12
0
885
4
750
1
75
29548
842
730887
982696
804
35450
9501
8
299
85482
7724
33
383068
68
670
603534
79296
2732
2479
976
877346
7109
5584
50166
690
0
982
1307
0
108
7
54
0
4704
63
577593
0
368
47694
316
21
9
0
7592
61455
93313
9363
148533
32
0
3023
908
3
314432
8
213
0
5
95
17572
1403
222876
0
6
7
6111
51
7
929
6909
16708
7
25806
302
32862
9
262703
1984
0
98
1449
668
98
5
0
0
9158
1
30387
0
3899
459
8
23694
96111
671
910641
719809
67
3612
0
0
928861
36
5727
0
0
511
0
8719
801141
92
0
71
9835
97
582476
1
21021
842127
40067
0
2684
7
49311
0
56395
60786
6472
751579
28
772
9139
8300
0
80
3030
909970
95336
31
816827
8461
0
2490
938047
956
8016
82491
79244
0
6259
10
6
52186
575
1905
175847
335
0
240
0
16
7900
0
171
68199
79989
0
195348
8722
3064
888
976683
513
5557
0
786
5
0
20
90
198004
3212
40275
0
11166
72820
0
532090
60130
0
968
6832
90462
188085
0
7742
912381
2
0
1322
54
41221
213873
0
7672
412
7
6877
0
121
731589
43650
0
9544
654683
1
641682
75087
2137
68877
638
314584
990630
526
43607
571
0
4
2
0
3
4055
0
8
0
446790
99
4657
73
8
8232
8
507
374
517593
68346
28604
5
441
96
73833
0
78844
822870
138
14514
710928
5361
146244
525681
0
0
0
79
0
47
572099
10
0
749534
958708
0
6
0
147434
225
0
1
2
364
34
235
0
4
1
0
961455
47
184209
1774
47831
67
49623
861
0
7189
148350
892
77120
130405
46897
79680
231055
10916
2
496
762138
992
27652
0
0
354
673
138
9950
73107
4949
675710
508
96
81
9131
27848
1
4693
554
6773
3
4
8948
2
6
991943
640
18909
11
97662
0
96
175
427
52
1955
843
26483
0
699
35908
83
86
0
5473
46
37
4
795709
105380
58378
81835
65
9137
608
0
0
636
8145
631611
131534
468
7
86
0
615
22
583
64677
0
620197
27
92
861629
0
0
6
845
61934
22846
764946
2
358
0
0
0
0
2320
0
57
351420
857
8
9387
4422
692
302
35
30576
9694
7827
494
640186
9439
54
0
0
478530
248
66
0
0
0
596
787469
94689
7177
9
1
451
2
92
78
665334
0
92
219
69701
748985
67
93
7
0
4
30
4
8623
2890
156
4
747642
0
8857
88689
283944
486922
27790
0
0
21015
901486
315
251258
99752
14722
354
56630
13
887966
0
62071
81423
7637
93325
584124
33683
0
0
9
9
4
80602
98086
67613
597674
94
83767
66386
73836
0
4344
90
0
0
61879
190221
9725
7
476027
7731
0
15
9193
59
0
85842
78734
181
964995
441267
56657
137
31
720389
7
2808
6
14429
75
3
577013
0
6
60762
15
42
180303
3
2
0
833
2092
7791
71
14
73
16
477
87673
7
3
0
710226
71
17
70
0
724662
15
3
79
0
0
957121
3
406
30
1357
3127
33
6
19492
82943
14954
193487
13736
3052
0
0
214
6666
4246
359263
117
50782
0
774101
7
1
96
69
8914
1
90060
0
81
54374
8790
0
44
89321
0
0
39594
0
7
881374
3637
8963
0
784539
9
471
0
321
3
7
1230
386547
55201
303720
4
36945
6643
72
89
94433
0
880489
1051
4
820
298471
503952
0
47
99108
862
1883
0
922
58
5
0
106234
7
25568
375194
33
741264
798608
21485
0
141
771
18
626117
71
37784
368
3914
66
29
263
4
6
0
0
3610
545884
960325
2104
884762
400982
8
869
0
622
63
3
236
0
29343
7518
6911
49
99
0
65147
72
730
24231
6
638
72
25
59141
83257
0
944883
4766
5534
54
2
0
9317
562883
3162
621
8
41981
1
42155
0
0
79
30668
457838
0
4
53956
40375
4
0
693868
606
0
781
7330
0
494064
439
19
0
78
12814
0
6
716116
499
6313
327402
91525
8001
65111
0
164342
690
28
4
813
0
5854
5063
3
21
11420
64
80809
32
2
12
216193
402
801660
862208
22
0
912
0
0
0
72850
3
61
1
339
797753
606
4960
7
55
9
97686
498062
303
0
8
96664
34302
0
8854
8912
560625
69981
93
5651
0
1
680
6407
480
5
271828
2
7
46781
0
0
6706
26490
7580
0
917
577
15
543595
56337
99804
9276
8
77
0
0
1
536332
478
0
481
42963
39
0
31604
4007
0
208
9424
8463
61378
54322
0
722
9218
5249
334177
659
8665
588793
974
55
0
1838
72
0
315
46504
89571
9495
0
0
0
13556
7
0
0
901
68
5
0
495986
525894
464430
92
0
86074
3456
1796
92992
5548
13013
541398
40253
10376
7718
0
654469
56
961607
470229
1927
551
443861
0
89
4
957
0
0
554918
80
0
174
1
3
71782
0
8648
26908
58961
0
73
14352
4
292580
0
36518
485
7668
481
4111
76219
15866
41352
8
545854
917
0
0
0
9787
34458
80813
29541
240760
0
4851
603595
875148
21
84395
5033
64784
144
49
594
7
629
0
965269
9
774407
300
148
2397
0
6
9700
903164
86
7414
2
0
0
16
7
4960
0
5
209
67262
7
1
36033
91192
47596
531
8420
6
624286
763725
76
734
668
61
0
3286
452742
0
9
591
8026
0
95
2
81157
353190
2
613422
74
485732
663
15103
60
64336
10003
8
2
1
0
816034
12
4
0
25
88
84102
0
81
1966
9165
80
90
5
27
0
841517
30
24088
38
922
53315
68
591051
0
6
46559
1
5
84
6438
74
8045
526
7700
0
6
0
965788
14
600115
0
5622
0
2
0
0
7
379
3499
60
41636
254
447096
3568
12005
0
27610
134556
4
28556
0
0
0
3
749
998229
21515
2
66481
475173
677
67812
2
766
6631
98
0
45371
2459
0
10397
0
18
9384
901974
2721
87728
67754
118
6991
51014
0
6
37
509445
8
1987
77
932981
386730
17
3
6
1
0
82869
387
986
1734
123
8
7
22544
95
99307
80
888
989104
0
753
5
7082
1
48
431
805413
242
95
78
2
79177
561693
8807
93081
5
130
27567
54
25650
569231
403
1635
52980
109
0
2818
0
1
3
0
84
93
2305
2
920499
33
5220
6027
0
0
0
1686
8560
351634
16
0
0
9
0
0
3627
52
62868
18396
2
0
703
783
512
9
0
273
2
36
56581
754
685
12
9692
62413
67
64
0
6335
690
836
0
585
8721
1
0
64803
895
1
196
29654
45
78
0
8
3
29
24
812860
22699
678029
29837
39
908
817
3
23
3
2642
91833
34217
358
596728
9
81289
5710
4
23
0
544
41993
95123
112613
109
631977
0
4
4911
194799
0
99
29
271
0
66530
5
8562
8
2840
23694
5930
11
46842
4264
0
68227
8428
6338
254
91393
460341
0
4
239
7434
240
0
3819
51026
75
92
2730
0
3
511
5880
0
9901
0
0
1452
511459
897824
49
6
95
762
726
0
93
513
9
0
44
59
90670
0
346873
4
5305
47331
443
0
335062
35889
230994
0
0
0
227088
306009
0
67
950193
94
0
0
51567
828
7990
755
858
5
10678
374
582
1573
298532
39487
43095
92278
6539
18
38407
7009
22
3043
38
193762
3
0
680
0
9016
0
80507
0
90807
590
166
4899
121402
11166
275215
40
975
5456
0
351
260
0
994689
0
4
110599
0
9
409985
941
9078
0
33
639606
0
11996
49736
690115
8281
8442
259224
12564
47
826837
41
2153
5
31604
0
781517
0
8
139011
1
0
6664
95837
673329
76
26972
864284
0
4293
24643
0
8458
0
2
0
396496
271
72905
0
4
0
0
8976
0
599963
0
92291
854
48673
0
779045
1614
0
4560
9
797173
3343
61
0
739
7
78301
0
484
236487
0
86385
21
886
4277
0
7293
0
347
292855
111
762321
54
5
7
2533
2699
0
0
8325
38080
560747
9
40
27103
959
87
4732
349
0
605
951
17508
3
0
925
20798
2929
645
480300
19
820459
376934
927304
0
205511
732
651
3894
227
32
585131
9
43168
9
303537
0
42
6414
749656
8
49638
756
580553
4029
0
148
14053
83733
0
370433
58
31098
201116
33545
4718
4
3
63551
8
96
22
0
57
206
0
27
832239
0
276
7852
53
0
0
9861
562974
0
2863
48
783
5
7976
0
61
4
65
0
272
29
8886
797
601
25
37076
9561
0
642323
104
8
30
922940
1317
539201
945
1
71
8
8383
15311
47
3
606
2
6192
0
7
5183
9044
77
707
126
901364
8
0
604
0
85
5350
283791
72203
1
549943
133
57
0
619769
271065
660908
0
8
8
7
0
860988
99572
1979
6
42
0
1
7336
6
0
8
0
851619
230
9754
7992
0
648396
238
583
86791
80831
9
3
67998
1
0
1
5254
82
253212
78432
29932
697225
441999
327
3065
44
1
32
48
75
0
14
25
83
6
89126
9
75
0
977385
77
2764
6
325
0
3
859
174932
3161
341
0
5246
17
0
75957
200
424237
9
125
547
8108
8330
0
74
917
616290
806848
0
9424
1172
1
8481
494
36
68333
88369
967
140964
0
3341
157
0
6984
270271
235
4
58
42515
3430
0
7
8785
8189
0
2311
876
4315
28717
859
4
91
0
2628
0
931669
414
207
733603
9
0
139
764
489059
9
348
382
736
4939
74810
67
1
0
290688
3067
57
0
0
842829
31
0
63
68
383
189580
956358
0
7
24
67
1
82
3
9556
9157
250
52623
57
72246
42
54
735
1225
342
20
441175
0
0
373393
0
0
92532
61009
466
49317
0
0
339
9
0
187
63
75
2
0
766563
5372
8804
0
981292
65
56587
8611
4
0
5
1
4310
0
149723
95974
9
97
56111
1
21228
508774
3439
5
0
825159
1
0
0
8977
264
858
85
1
319132
8
6
3146
897
1982
7
810632
0
31611
981
53968
0
653462
6826
23450
4
441
214
84
3368
9246
3
81209
67921
2
9686
27829
5845
909390
5
8849
57
0
1963
0
0
827
0
8
7
395
0
2212
820764
3471
8
525406
16931
6234
31
0
0
706991
709
79378
93792
503219
92889
0
30616
844050
5
20886
879
61665
699
879
655842
0
0
87
29032
4
144
43192
322
43
0
64455
2
4
8683
413098
857
370708
43406
193975
60423
20361
0
0
5676
0
0
19794
0
645
0
0
858
534653
93
429
6
0
698
1
603747
0
87954
0
656
0
7
37147
8
433332
139
9
99267
0
718
0
96334
43501
0
40095
4481
53
472
78255
719199
64705
779
7211
0
19
0
88610
420
85
380932
6280
0
1
194
9
9369
91
983001
445
9176
727
98
3
652
876
38
86678
521256
24
435
8349
8
12
28382
428205
0
579454
0
0
5143
473
0
45
537125
7
0
19159
50386
325
62
6443
69
711
9703
5
251991
0
89
14423
5
2262
74315
0
1
72
35
72478
27625
24304
4024
79277
0
0
48
879909
661
39
9
7759
591
69038
22052
9570
1349
449
6342
0
0
7641
54
282113
94
43
0
6
85
0
3
28
0
76381
5
444166
56
493
6573
6
0
0
431226
4
70
52439
4
30
556
77297
45
0
187810
9
5640
0
66
32
27
0
82
90020
31116
281
82
2
28
42634
4036
1
0
486465
725638
66
9
35013
83
8452
41233
119418
7718
10834
3
22013
27
1087
400189
8345
1
857142
19
342
2535
502
5
389507
0
19
55137
5746
780785
540
90
770378
0
0
0
6250
497
0
8240
0
0
993
9
3699
78
0
846491
84
0
0
83477
6
89757
0
92
7
424
769
0
52632
765
364
53929
2
9
65208
861659
70690
6
5
0
323221
343974
0
260
6
339030
5090
68614
9147
69029
0
801
78447
85
5
933835
0
958
5198
6
884
167882
1502
4
2
7
23645
49
89458
9078
4041
70314
0
82940
138
16
207159
63264
66
2023
587328
1084
324991
1
7542
33
826
456404
617
599
5
104
13440
431745
7
17
0
919
9890
532
736
16
847
7
95907
3669
0
0
8
5
0
178319
913327
0
95
587939
8719
13928
92776
0
9071
999
0
19
0
7451
6836
42332
58
3
1
81
84521
947
366
43
936094
27
47450
92
8367
34180
392254
89
441
448469
502914
0
0
16
37391
17
1770
8
0
0
75753
4848
4864
0
9
7992
3
70
33079
27
97708
3
41
35636
1
98876
852076
3479
290505
142338
220
749
916
315836
4
661305
1935
68
10101
2487
39667
520
6030
0
900509
0
28534
90
806604
27619
8
632
0
0
327372
93713
16
9
1
714774
568590
0
0
0
65
334635
224982
3863
319
34
852717
0
235328
478
28
251503
70323
0
619769
9
2826
13946
37916
0
0
3457
8932
8
45496
84
46
7
86
8438
22
3094
6
75093
5
590
189
551011
105929
35
0
0
0
53
78722
99093
2
9761
952
884
664
97
3
58140
6273
3
2793
825
0
120548
334665
366
5
94
419
6604
32370
245
0
0
0
710409
0
759056
611438
747306
544999
4472
32
0
5
6
77
465590
1
982055
3650
2
81
64738
0
60
60783
548356
0
24430
8
6
916074
0
0
7
312
845
51921
0
0
773
869167
283425
0
0
192785
15488
0
9996
297
89
226
44
904721
135
38624
0
83117
6
59257
13
44
841853
185
9305
7354
8850
11328
32877
4700
9840
0
98
152
1
579424
5401
0
87234
401
58
5631
47
63
279641
8
1517
13
748
6
52162
90
0
0
805169
49
0
4
59
1
224
8991
278481
29035
2673
286
0
212
6
1684
60545
645
0
0
3887
515427
4
0
5326
9164
170384
1986
379
8077
9770
35624
644520
701
0
487
200537
479537
97201
8
4885
212988
98889
6657
0
649708
18
382
0
0
3
0
78658
29
2
235
1
980803
16
12790
2917
35
300
10010
9555
0
97
0
0
89
0
0
8
37
2941
1811
673
0
282
520
0
0
135258
0
329
88
1
8046
405346
0
845
5
75386
8972
9
808130
834040
76
5835
455916
825403
52
5
356
3802
270
765923
22
94769
6344
1
28
0
0
928891
52
1
7
847
56
3386
0
85
190557
0
65
453169
435254
875
8
687
3
0
4
721
499
0
87
0
69
4095
2
46
8
108584
91
280251
3114
9818
72
67
36
0
129673
0
0
6
82
661183
436628
17
2
3
781823
22873
63
0
0
3
6872
3
973570
5
0
4239
28
10
610
19135
400433
90
3
463
507583
552
12
0
97576
7
429
4293
767357
331003
38215
88479
935
430
96646
87112
1434
49665
0
4206
96
5
868
71367
9
0
631
1641
0
0
42
517960
0
0
24353
0
93328
566
416638
0
88
436
7620
982
60563
6
20
0
204
0
35
7
492
7
9097
5237
24
2
8
200567
58229
0
474105
655
6906
0
0
13
624
0
8379
5
73708
8
6993
5
0
37446
4010
0
15
1334
68
811
12
294
3
543748
2362
51863
59334
80260
16
485
38239
0
886
801
2
66
1909
536
24277
125
78621
3800
1
437421
6805
4
632038
98403
4
61333
159
9094
5935
690
98
9
584551
0
256
9721
639
47
576433
93
759
487
162724
7653
2
715
67
596514
9
910214
0
797723
8951
0
6
54
61
99
768028
7232
3353
973662
0
47114
497573
35276
689
2112
0
8681
980040
21408
1
745
11401
580
22
0
698
938
7
77
256
4
0
76
29
237098
5
999450
9
94683
0
0
530411
25748
6803
0
3143
521
285683
83330
0
830
35444
862
0
733
7
87
34
5
15179
0
208
54423
0
355876
2
1103
33
84707
829035
409
72139
831
54
11
337931
960509
8
0
0
252
611
0
23700
870
65
35096
56944
92974
173
4
5
381
39
93432
47117
93935
589
73400
93
2587
0
838
0
9736
946
9
175
3562
22
0
13
60
18649
84347
116367
741080
21
0
0
170
22833
0
8
8
0
8
253
924
95
1
0
45
756
109
427
1
39
680440
3
10742
845
401
24533
222540
66667
0
8
94381
7
0
9714
88509
5
307
65
970519
426404
0
0
2
90
99
178
1
323
5
0
8
621417
47
71047
0
0
0
0
4425
4755
49
68
449
919
759819
66
85613
0
5962
80
434
489791
695425
0
23
6
2
1
584
4
186
594
147
0
99
31
55922
687
214
9
725
53
53410
536088
72972
0
0
36
3669
74
89
792
3056
23
65
11
8
634
52171
0
459364
5
24643
2
56
944883
4278
926
4511
0
99459
0
424878
2747
0
70
7
3
84911
735
0
200231
0
5715
1
20874
131
1
545
4
86
192785
155
77
65672
36
13
78
466505
739
0
0
85992
14597
800
612
110
17975
9943
0
919614
9
640
6
76
5
0
7
8837
88079
161870
16
0
0
9
4
79
2669
0
3
299020
462
79580
598101
0
325418
97
974730
77
8
4203
196
3433
51652
470564
715
72
0
81984
666676
16
6
129
6057
0
7339
0
64525
5
87377
365977
813592
6148
301919
0
3
35377
71
7
28458
0
9089
503158
0
24
0
97280
0
446852
69
277
748
71
127
0
8922
47
0
340
811
258644
5763
0
10074
603
0
35929
601855
486
4025
644
9
4
64558
213476
847956
258095
14
93
7205
3741
1
1201
317697
8
663655
24
0
7
41
759636
9
8
26709
102
4
954
646
3
95678
0
835322
726096
94317
5600
849726
219
99282
0
94
62797
52
4458
7466
44
23
1
997
718
202
9224
94509
449964
534897
6553
33
4
71
8
6
90734
528824
3
3
0
6395
79
8514
8993
7
0
76
0
537
10153
32346
846491
864680
67
39783
171025
7351
54414
87
6320
565538
58
6837
6
1386
4
41425
7272
929380
948
5772
1
9791
46
480
316
425
70302
73
0
31937
28
3761
42109
6491
2
631
515701
487
0
28629
265
52
1000
694845
177
5
5
4067
205
26966
4647
4
646
385662
37
6784
243537
68
411877
5
0
914
0
8
0
19815
975188
965941
1
11
9
757316
8542
39588
7
26
16025
21579
0
24515
18762
1
0
438
125247
0
8
442762
1517
0
86257
0
9
8717
4
0
9
12
98
1
1
13
3512
0
835
668294
30814
785
939
966490
27268
634601
0
7150
8006
644
70427
595
0
935
0
47
682088
521042
1
24
8521
43986
6393
2087
0
5085
4830
22
96
70
0
3272
45
149
1
9024
0
780114
54661
5
0
5
41383
745
213
0
29
981
9974
54835
1901
569
5
9465
8
308
3850
7
4772
544999
3611
8
643
859
5
75
44
0
4664
3867
11481
7
55238
198
29477
658
243
95217
9695
0
43537
94579
0
90
9
70448
237
7
775
0
4
7
60
345
41
250
611
480178
43
15
5353
0
0
9
94
8
1
2
0
922
508835
884
1
85589
7951
8019
9543
0
858
505142
46
5
1
0
25537
3192
0
0
87
731315
5026
188818
6
30387
0
2817
2
22
68
96618
56428
187
8825
257
687368
0
38789
303750
1
29416
0
8240
70073
0
19016
1
3
333536
275612
5
0
0
6892
0
5645
524491
2
