5031
8698
116031
14352
405
0
5
954435
0
0
64
0
45793
398
71
932523
0
9334
56459
12
35
71
256263
86
463
35767
6
718802
955656
156254
602649
561937
255
27
5
55864
7030
11288
6
470168
2514
0
0
910916
7
529
0
0
0
369365
0
689168
226
3
76830
587
1430
76625
88421
5824
0
579
0
956
96
0
7449
180
373
968
29
3
6
67
11
0
5
0
7
494
72
312
142
9
0
316
724
976
8
644
69
0
0
26816
289
12
88854
65
0
91607
59
383
31196
0
5
33164
6
14
52345
5
6890
7367
2
764183
19217
51
82906
3
4
22324
2
29
756
4271
848
2
9
0
99
6
973326
1747
0
42112
7093
0
152
0
50978
0
38941
3
64
58
145115
22
0
592
910336
53392
78911
0
632496
854091
19705
47
0
0
46
644
269
3340
0
86446
8
6470
5
634
51310
99642
8
4310
0
710
0
0
61
70
40
4945
91018
596728
0
6
73351
93868
663
1500
61
6
0
6
0
97314
9
393261
75811
125339
4543
0
26367
46510
9791
2451
0
367839
37168
955
2
0
9
0
7
8816
910
31830
7
0
299
736
788537
48313
77
89
288
31543
4351
66
89919
4
46
4164
414
4874
28412
493
0
4
214270
0
1
200170
703451
8989
8
2030
2186
703
5
7026
0
16
0
8276
9
85
252540
61
79
101
9559
5
16
9
544
0
6
87670
871
79
28949
385
8777
0
747459
217
15
875514
2707
301004
1586
1358
14838
27
981
61748
849543
6
0
617755
777581
596
10
21
649067
35328
2
510666
4
26047
16
437726
30243
0
0
2
2431
0
0
71
577562
8026
46
605
1
292519
5935
291
50
8877
39
58
66188
564073
1
351
4
868892
0
76543
691091
23
983
1255
45
63551
968
0
707
0
0
0
96
51237
6572
23960
88372
354472
115
7905
337290
66209
802423
0
211706
0
858
0
764
2
0
0
6327
33
5722
0
4618
370
226
935
15964
3921
933
64
0
568
4
0
0
24335
0
552690
31
56831
40891
8946
6946
0
3
0
58107
59794
6655
0
2148
582537
8
88482
0
4
3971
555
115665
1
2301
8641
82631
7180
166
0
64625
24240
58
517929
0
702139
0
247
878170
8802
5579
95355
4491
0
904385
525803
83
0
308114
8351
332987
28
0
20468
59
3063
8
508
45231
932981
454268
89281
0
0
1245
1
991027
65919
17471
5677
0
0
258796
771019
0
895504
0
70113
371410
1880
55314
58510
1107
6599
0
38
11114
230414
675
0
48
683614
57838
4
576677
203741
7717
0
108432
5
556
606646
9
76
0
920926
343
7
5866
54899
230
10776
0
0
5566
9
5
95
685811
59
0
0
24
94
2
30
64
23
5723
5
18
926023
58641
61641
8086
13
23166
467726
50737
5272
5027
94
301
3
7
742118
875820
0
8282
841
83510
0
2
62
0
17471
0
58
8
504104
75
0
673
927182
0
0
0
840205
3512
9
8
957
28
27
0
3
8
2
0
8
0
0
57
0
32
10666
807214
0
0
0
0
80193
32914
0
530411
13437
53
563
171117
27866
6
509
66
2
91665
39
145115
23
186590
8
45
153782
61
0
428
5
0
5839
75
95699
66908
4384
50
0
882992
18247
2
64
67577
4
677
3
226
6
3
15
88705
70
20371
0
0
461806
0
5
3485
8
0
8
70006
8
766258
9465
219
75869
810
108859
7
87371
670613
49
910
9
2581
501
8289
412
63988
8
18149
6
4
203039
12
48866
48680
9907
29
707
30701
307901
33762
282784
0
0
0
122
7
1843
58565
283
3635
449659
98
0
6798
60158
0
410
6928
0
286355
0
57
85
864894
1413
7484
95425
5662
654
3
0
67
6
76
4
7282
0
604
41889
3321
8515
2
43
0
17255
21036
72389
23462
0
638
8337
18793
9
137211
0
0
10
61391
24
7
1
783
0
635
2
921079
4
5432
0
789635
95553
57387
5
770714
111545
284
3
617328
821863
885158
8222
8
5
37256
7
676
0
36
582384
0
19965
0
18
447950
2
0
908
4506
0
0
141
0
0
359
71
895
65095
50
88006
1683
25
232490
86
58
7
8
1
56669
3
21790
24
476
673
92
279580
8
0
624195
9627
1860
7
333964
39
668813
4082
238
0
7
3946
12
4654
630
2
450
3
38636
283120
36
44
0
17011
380
30
383
0
5
4224
94
4
999084
21332
4572
416
2
72
60399
110
258613
9
260
695
5
0
2
0
21
4
8
494644
988
570482
472
9
14
42435
0
4
6
11
30
622
6
97
9442
3103
8591
241248
55
38
0
4
911862
64
5
0
8612
2
6
610736
9
631
16830
8
7
67
3
8
1
144
19638
37180
933957
64
1294
62410
42765
0
867
5823
17835
0
419721
189
98239
0
49
6
664021
53
56733
0
454
20
56
0
9957
93
1834
14963
9693
13
8
682180
0
130
0
789
0
3280
5204
87231
0
30
1
168
92
88717
327677
7307
4
2
6
19104
29438
653
6590
0
5
42054
55302
62984
0
0
70088
0
5703
2
4262
97170
0
0
0
73809
4752
22
233
0
7
32
366130
787
0
15781
68
8899
92989
6174
4423
2
0
159398
0
9
8812
70140
384289
0
1109
61
634174
922574
40
64021
208471
0
938657
411664
19
0
0
627
4723
594775
53434
831415
0
12
930
820856
