904446
693838
364543
989532
284218
412640
12781
141056
517075
626514
209509
871669
367534
813226
43690
566331
173284
73546
723258
828974
50895
468825
654530
37577
46525
738059
29752
375835
14072
70430
979735
815607
936338
22287
468825
361522
51408
16080
827143
871669
114413
992248
561784
590319
992370
684011
258339
643452
142246
788079
660084
267586
93139
904446
88915
959593
93139
55098
32590
95718
65877
942869
82815
57536
49925
52409
18836
116763
991363
849116
35648
857356
871669
501266
62730
250404
386822
771691
173711
46742
282631
88915
356852
684011
375835
45582
74452
787713
691610
57469
859920
811212
545213
212775
141087
12387
911679
11801
44428
11801
